"Choi matrices from t=0 to t=1000 log spaced, 100 points. Initial state of environment generated with SeedRandom[61686];ψ=RandomChainProductState[L-1];"
0.49508269181655096,0.0027690012887856014+0.048352549648593306*I,0.0033721286795821512+0.04835254964859307*I,0.4558753567639005-0.06011886853557988*I,0.0027690012887855906-0.04835254964859318*I,0.004917308183451937,0.004916872540339505-0.00005624607788607013*I,-0.0032715336922347193-0.04835254964859346*I,0.003372128679582161-0.04835254964859302*I,0.004916872540339507+0.00005624607788607007*I,0.004917308183451921,-0.002769001288783117-0.048352549648593465*I,0.45587535676390106+0.060118868535579954*I,-0.0032715336922347197+0.04835254964859342*I,-0.002769001288783115+0.04835254964859338*I,0.49508269181654885
0.49409726467059223,0.0033905513631240962+0.05270226290396781*I,0.004182157229013828+0.052702262903967456*I,0.44706498305540127-0.06726936650747063*I,0.0033905513631241084-0.05270226290396768*I,0.0059027353294119666,0.005901977138687456-0.00008033601975082459*I,-0.004032626363080003-0.052702262903967984*I,0.004182157229013829-0.05270226290396756*I,0.005901977138687453+0.00008033601975082477*I,0.005902735329411914,-0.003390551363121585-0.05270226290396804*I,0.4470649830554014+0.06726936650747041*I,-0.0040326263630800175+0.052702262903968025*I,-0.0033905513631215765+0.052702262903968136*I,0.4940972646705892
0.492919309699746,0.004154086992566587+0.057361217020200646*I,0.005191606992239113+0.057361217020200285*I,0.4365477401189046-0.07527230482662713*I,0.0041540869925665745-0.05736121702020058*I,0.00708069030025707,0.0070793718532627435-0.00011444653628116585*I,-0.004969300379941866-0.05736121702020101*I,0.005191606992239089-0.057361217020200514*I,0.007079371853262747+0.00011444653628116623*I,0.007080690300257036,-0.0041540869925640565-0.05736121702020087*I,0.43654774011890407+0.07527230482662674*I,-0.004969300379941849+0.05736121702020088*I,-0.004154086992564073+0.057361217020200986*I,0.49291930969974357
0.49151343399485536,0.005091993311718797+0.06232406703920079*I,0.006449503098306833+0.06232406703920044*I,0.4240164065234513-0.08420334329605089*I,0.00509199331171878-0.062324067039200653*I,0.008486566005149012,0.008484275616828612-0.00016253831567036782*I,-0.006119049021733357-0.06232406703920102*I,0.006449503098306834-0.06232406703920048*I,0.008484275616828591+0.00016253831567036712*I,0.00848656600514893,-0.005091993311716273-0.062324067039200924*I,0.4240164065234515+0.08420334329605057*I,-0.006119049021733369+0.062324067039200945*I,-0.005091993311716265+0.062324067039200855*I,0.4915134339948506
0.48983874490186746,0.006243644455731672+0.06757437908890691*I,0.008016166510516676+0.06757437908890662*I,0.4091191053928893-0.09413001583335841*I,0.00624364445573167-0.06757437908890677*I,0.01016125509813651,0.010157281094783227-0.0002299906035428442*I,-0.007525205743371526-0.06757437908890715*I,0.008016166510516676-0.06757437908890654*I,0.010157281094783234+0.00022999060354284419*I,0.010161255098136427,-0.006243644455729123-0.06757437908890697*I,0.4091191053928904+0.09413001583335852*I,-0.007525205743371537+0.06757437908890723*I,-0.006243644455729101+0.06757437908890714*I,0.4898387449018642
0.4878484678641368,0.007656601743669007+0.07308064109175133*I,0.009965213149175147+0.07308064109175125*I,0.3914578603379238-0.10510303792434027*I,0.0076566017436689865-0.07308064109175141*I,0.01215153213586679,0.012144647006821961-0.00032400268793294406*I,-0.009236488873881073-0.07308064109175175*I,0.009965213149175147-0.07308064109175096*I,0.012144647006821998+0.00032400268793294384*I,0.012151532135866675,-0.007656601743666471-0.07308064109175154*I,0.3914578603379233+0.10510303792434009*I,-0.009236488873881102+0.07308064109175168*I,-0.007656601743666441+0.07308064109175157*I,0.48784846786413344
0.48548979096518285,0.009387815763151465+0.07879122727783287*I,0.0123855005014705+0.07879122727783261*I,0.3705899571567853-0.11714376426194348*I,0.0093878157631515-0.07879122727783278*I,0.014510209034821735,0.014498301258508869-0.00045402696368734743*I,-0.011305505240377073-0.07879122727783332*I,0.01238550050147051-0.07879122727783242*I,0.014498301258508865+0.0004540269636873464*I,0.014510209034821564,-0.009387815763148857-0.0787912272778331*I,0.3705899571567849+0.11714376426194359*I,-0.011305505240377055+0.07879122727783336*I,-0.00938781576314886+0.07879122727783304*I,0.48548979096517897
0.4827040984742236,0.011504680481692413+0.08462815596986464*I,0.01538269602137462+0.08462815596986427*I,0.3460338234903632-0.13022656652202588*I,0.011504680481692404-0.08462815596986485*I,0.017295901525780307,0.01727535079233701-0.0006321597085957426*I,-0.013785590016319273-0.08462815596986545*I,0.015382696021374622-0.08462815596986431*I,0.017275350792336962+0.0006321597085957462*I,0.017295901525780116,-0.01150468048168988-0.08462815596986475*I,0.3460338234903647+0.13022656652202572*I,-0.01378559001631927+0.08462815596986513*I,-0.011504680481689898+0.08462815596986481*I,0.4827040984742204
0.4794278260238735,0.01408567797893334+0.09047952549578946*I,0.019079912316037447+0.09047952549578903*I,0.3172818218986351-0.1442547019659911*I,0.014085677978933299-0.0904795254957896*I,0.02057217397613035,0.02053679760305347-0.0008733366804159582*I,-0.01672513255909785-0.09047952549579004*I,0.019079912316037423-0.09047952549578898*I,0.020536797603053415+0.0008733366804159572*I,0.020572173976130197,-0.014085677978930766-0.09047952549578958*I,0.3172818218986348+0.1442547019659908*I,-0.01672513255909785+0.09047952549579004*I,-0.014085677978930771+0.09047952549578953*I,0.4794278260238698
0.47559426118518017,0.017220187977196714+0.09619062050260486*I,0.02361651899145262+0.09619062050260418*I,0.28382320513861353-0.1590281545974934*I,0.01722018797719669-0.09619062050260464*I,0.024405738814823445,0.02434502868537563-0.0011950490539933208*I,-0.020158306623136637-0.09619062050260527*I,0.02361651899145262-0.09619062050260398*I,0.024345028685375632+0.0011950490539933201*I,0.02440573881482319,-0.017220187977194143-0.09619062050260471*I,0.28382320513861237+0.1590281545974931*I,-0.020158306623136734+0.0961906205026054*I,-0.017220187977194143+0.0961906205026045*I,0.4755942611851759
0.4711367256424072,0.021006797979160562+0.10155388953660949*I,0.029143778418392836+0.10155388953660889*I,0.24518147975864085-0.17420209739980747*I,0.021006797979160524-0.1015538895366092*I,0.02886327435759689,0.0287594744898678-0.001616088932346567*I,-0.024090970903116005-0.10155388953661018*I,0.029143778418392906-0.10155388953660903*I,0.028759474489867768+0.0016160889323465634*I,0.028863274357596523,-0.02100679797915795-0.10155388953660979*I,0.24518147975864124+0.17420209739980758*I,-0.024090970903116037+0.1015538895366102*I,-0.021006797979158044+0.10155388953660947*I,0.4711367256424028
0.46599370391064504,0.02554911806611622+0.10629836031709355*I,0.035815363037674235+0.10629836031709282*I,0.20097146626940976-0.18923528874651077*I,0.02554911806611624-0.10629836031709339*I,0.03400629608935839,0.03382961506226318-0.0021535324089053966*I,-0.028480600888574053-0.10629836031709441*I,0.035815363037674255-0.10629836031709286*I,0.033829615062263126+0.0021535324089053927*I,0.034006296089357894,-0.02554911806611368-0.10629836031709344*I,0.2009714662694092+0.1892352887465103*I,-0.028480600888574074+0.10629836031709408*I,-0.025549118066113704+0.10629836031709348*I,0.4659937039106417
0.4601166126252332,0.03094766668242482+0.11007965626886938*I,0.04377015352508018+0.11007965626886863*I,0.15098219737224403-0.20332925420456696*I,0.03094766668242477-0.1100796562688691*I,0.03988338737477127,0.03958426947493971-0.002816769386395444*I,-0.0332097563805571-0.11007965626887015*I,0.04377015352508016-0.11007965626886862*I,0.03958426947493964+0.002816769386395448*I,0.0398833873747707,-0.030947666682422333-0.1100796562688693*I,0.15098219737224386+0.20332925420456754*I,-0.03320975638055704+0.11007965626887005*I,-0.030947666682422336+0.11007965626886902*I,0.4601166126252281
0.45348099806380066,0.037285859899339656+0.112472697164235*I,0.05310417100634659+0.1124726971642346*I,0.09529199812973103-0.21536205690185295*I,0.03728585989933946-0.11247269716423497*I,0.046519001936203,0.046015878633040755-0.003596943402333697*I,-0.038054256372294024-0.11247269716423619*I,0.05310417100634644-0.11247269716423464*I,0.046015878633040685+0.0035969434023337106*I,0.04651900193620227,-0.037285859899337165-0.11247269716423508*I,0.09529199812973109+0.21536205690185248*I,-0.03805425637229404+0.1124726971642362*I,-0.03728585989933713+0.11247269716423507*I,0.4534809980637963
0.4461019387441243,0.04460756917333007+0.11297049989707204*I,0.06382846799624871+0.11297049989707132*I,0.034420823098058065-0.22382552636269165*I,0.044607569173330225-0.1129704998970719*I,0.05389806125588027,0.05305839317535048-0.004449842021996523*I,-0.04265056871196076-0.11297049989707297*I,0.06382846799624879-0.11297049989707166*I,0.05305839317535044+0.004449842021996527*I,0.05389806125587938,-0.044607569173327935-0.11297049989707152*I,0.03442082309805814+0.2238255263626915*I,-0.04265056871196081+0.11297049989707285*I,-0.04460756917332791+0.11297049989707193*I,0.44610193874411724
0.43805419438583226,0.05288327974240019+0.1109942961877546*I,0.07581105496616865+0.11099429618775454*I,-0.030479150932317622-0.22678276508291134*I,0.05288327974240014-0.11099429618775467*I,0.06194580561417228,0.060557628419838076-0.005270480871646912*I,-0.04647258576238219-0.11099429618775619*I,0.07581105496616856-0.11099429618775418*I,0.06055762841983806+0.005270480871646917*I,0.06194580561417144,-0.05288327974239781-0.11099429618775476*I,-0.030479150932317595+0.22678276508291195*I,-0.04647258576238214+0.11099429618775625*I,-0.052883279742397836+0.11099429618775472*I,0.4380541943858267
0.4294969902121922,0.06196194318394639+0.1059223843518099*I,0.08870470100734297+0.1059223843518095*I,-0.09740255166148722-0.22187414052688664*I,0.06196194318394646-0.10592238435180998*I,0.07050300978781233,0.0682339497937213-0.005859135771258106*I,-0.04883614344907489-0.10592238435181109*I,0.08870470100734293-0.10592238435180966*I,0.0682339497937212+0.005859135771258087*I,0.0705030097878112,-0.0619619431839442-0.10592238435180916*I,-0.09740255166148729+0.2218741405268867*I,-0.04883614344907464+0.10592238435181087*I,-0.06196194318394414+0.10592238435180923*I,0.42949699021218773
0.42070197883256777,0.07150684624229221+0.097147385801526*I,0.1018703232676987+0.09714738580152607*I,-0.16326364373198657-0.2064145448677034*I,0.07150684624229202-0.09714738580152585*I,0.07929802116743793,0.0756395610521673-0.005882688254411088*I,-0.048959020500309494-0.09714738580152739*I,0.10187032326769882-0.09714738580152629*I,0.07563956105216747+0.005882688254411089*I,0.07929802116743676,-0.0715068462422899-0.09714738580152593*I,-0.16326364373198668+0.2064145448677036*I,-0.048959020500309404+0.09714738580152733*I,-0.07150684624228995+0.09714738580152546*I,0.42070197883256266
0.4120805322349852,0.08091734026441147+0.08417299961918343*I,0.11431898886715913+0.08417299961918398*I,-0.22371378897351557-0.17764034279372098*I,0.08091734026441144-0.0841729996191833*I,0.08791946776502113,0.08211740749920725-0.004843552979005304*I,-0.0461100666442021-0.08417299961918497*I,0.11431898886715908-0.08417299961918374*I,0.08211740749920741+0.004843552979005311*I,0.08791946776501972,-0.08091734026440932-0.08417299961918319*I,-0.22371378897351624+0.17764034279372098*I,-0.04611006664420207+0.08417299961918447*I,-0.08091734026440912+0.08417299961918324*I,0.41208053223497837
0.4042027534135988,0.08924575362276348+0.06676014856909952*I,0.12471345786156435+0.06676014856910024*I,-0.2730931752245302-0.1331755572081664*I,0.08924575362276317-0.06676014856909958*I,0.09579724658640713,0.08677676939547171-0.002082450314874842*I,-0.039873378503206935-0.06676014856910129*I,0.12471345786156442-0.06676014856910026*I,0.08677676939547155+0.002082450314874846*I,0.09579724658640636,-0.0892457536227609-0.06676014856909929*I,-0.2730931752245296+0.13317555720816612*I,-0.039873378503206915+0.06676014856910084*I,-0.0892457536227612+0.0667601485690993*I,0.4042027534135911
0.3977953922692271,0.09513226422615091+0.04512548390240647*I,0.13148602938826093+0.04512548390240742*I,-0.3046553986935396-0.07178256268367046*I,0.09513226422615059-0.045125483902406484*I,0.10220460773077952,0.0885123477940158+0.0031404844780928633*I,-0.030515750368330423-0.045125483902407684*I,0.13148602938826126-0.045125483902407566*I,0.08851234779401607-0.0031404844780929075*I,0.10220460773077797,-0.09513226422614846-0.04512548390240606*I,-0.3046553986935399+0.0717825626836706*I,-0.03051575036833068+0.045125483902407594*I,-0.09513226422614855+0.04512548390240602*I,0.3977953922692198
0.393699908101384,0.0968014590688725+0.020178001235551312*I,0.13312586301874832+0.020178001235552457*I,-0.31125117231559124+0.005574845603548694*I,0.09680145906887266-0.020178001235551312*I,0.10630009189862202,0.08610703480198925+0.011427806887393869*I,-0.01936123569726445-0.02017800123555241*I,0.1331258630187481-0.020178001235552433*I,0.08610703480198915-0.011427806887393883*I,0.10630009189862073,-0.09680145906887032-0.020178001235550604*I,-0.31125117231559146-0.005574845603548593*I,-0.019361235697264462+0.020178001235552225*I,-0.09680145906887024+0.020178001235550778*I,0.3936999081013786
0.3927675983384891,0.09219149229360472-0.006253182103597423*I,0.12863661906518134-0.006253182103596199*I,-0.28667466023403254+0.0944230729158027*I,0.09219149229360475+0.00625318210359744*I,0.10723240166151679,0.07846629155666031+0.022843616783940597*I,-0.008948097768697573+0.006253182103596639*I,0.12863661906518173+0.006253182103596191*I,0.07846629155666007-0.02284361678394064*I,0.10723240166151535,-0.09219149229360266+0.006253182103598116*I,-0.28667466023403276-0.09442307291580243*I,-0.0089480977686974-0.006253182103596679*I,-0.09219149229360286-0.0062531821035980905*I,0.3927675983384843
0.39567119280063157,0.07931152132033577-0.0312976801820012*I,0.11803802002481353-0.031297680181999916*I,-0.22780539596153446+0.18547261433260281*I,0.07931152132033603+0.03129768018200121*I,0.10432880719937374,0.06501801311767734+0.03635746959889144*I,-0.002630128270841996+0.031297680182000714*I,0.11803802002481348+0.03129768018199991*I,0.0650180131176773-0.03635746959889164*I,0.104328807199373,-0.07931152132033445+0.0312976801820019*I,-0.22780539596153376-0.18547261433260323*I,-0.0026301282708420123-0.03129768018200076*I,-0.07931152132033421-0.031297680182001915*I,0.3956711928006262
0.4026304332970766,0.05692215021254834-0.051188686828223896*I,0.1026099190523987-0.051188686828222904*I,-0.13742962591331387+0.2638518611254634*I,0.05692215021254818+0.05118868682822395*I,0.09736956670292876,0.04625091623906534+0.04933457460542543*I,-0.003338456103586831+0.05118868682822387*I,0.10260991905239869+0.05118868682822288*I,0.046250916239065444-0.04933457460542556*I,0.09736956670292861,-0.05692215021254688+0.05118868682822476*I,-0.13742962591331379-0.2638518611254639*I,-0.0033384561035867217-0.051188686828223945*I,-0.05692215021254681-0.05118868682822473*I,0.40263043329707177
0.41309403543184836,0.025561743627951168-0.06187481504238503*I,0.0845165340922924-0.06187481504238432*I,-0.02709134228832086+0.30981806167716286*I,0.02556174362795112+0.0618748150423849*I,0.08690596456815618,0.024235122871250805+0.057521482118639874*I,-0.011647707003137147+0.061874815042385276*I,0.0845165340922922+0.06187481504238431*I,0.024235122871250816-0.05752148211863991*I,0.08690596456815633,-0.025561743627950034+0.06187481504238561*I,-0.027091342288320497-0.3098180616771643*I,-0.01164770700313713-0.06187481504238532*I,-0.02556174362795006-0.06187481504238546*I,0.41309403543184553
0.4254981295852602,-0.011265102578265053-0.060252299070750276*I,0.06580783666878418-0.06025229907075014*I,0.08153318309974544+0.30230329898754477*I,-0.011265102578265141+0.06025229907075018*I,0.07450187041474274,0.0027880368028404268+0.05612165179107169*I,-0.02412416124844428+0.060252299070750914*I,0.06580783666878426+0.06025229907075021*I,0.002788036802840415-0.05612165179107178*I,0.07450187041474401,0.011265102578266179+0.06025229907075048*I,0.08153318309974535-0.30230329898754515*I,-0.024124161248444142-0.060252299070750824*I,0.011265102578266151-0.06025229907075047*I,0.42549812958525973
0.43731477253796824,-0.04630599606097278-0.04592582685479848*I,0.04769877215867777-0.04592582685479889*I,0.15918631283623838+0.22673141645861736*I,-0.046305996060972694+0.04592582685479848*I,0.06268522746203534,-0.01317190144517443+0.042225860839781124*I,-0.0336344444018636+0.0459258268547988*I,0.04769877215867791+0.04592582685479885*I,-0.01317190144517438-0.042225860839780985*I,0.06268522746203659,0.046305996060973575+0.04592582685479851*I,0.15918631283623838-0.22673141645861797*I,-0.03363444440186371-0.04592582685479883*I,0.04630599606097369-0.04592582685479837*I,0.4373147725379653
0.4456446814456695,-0.06923430335002784-0.02287340813865544*I,0.031612088955303395-0.02287340813865649*I,0.17811945826821887+0.08728862456692764*I,-0.06923430335002756+0.02287340813865539*I,0.05435531855433471,-0.01937721834158831+0.01775371788188032*I,-0.03269279580348625+0.02287340813865503*I,0.03161208895530346+0.022873408138656473*I,-0.019377218341588384-0.017753717881880304*I,0.054355318554336146,0.06923430335002882+0.022873408138654697*I,0.17811945826821923-0.0872886245669279*I,-0.0326927958034862-0.02287340813865505*I,0.06923430335002884-0.022873408138654766*I,0.44564468144566477
0.44845760508481464,-0.0699976503352701+0.00032846806538461005*I,0.021643472525030544+0.00032846806538345614*I,0.1279851127746694-0.08045092842034215*I,-0.0699976503352701-0.00032846806538465196*I,0.051542394915189665,-0.014709179571411823-0.00934897181354734*I,-0.01842757379489436-0.00032846806538664765*I,0.021643472525030672-0.0003284680653834552*I,-0.014709179571411806+0.00934897181354732*I,0.05154239491519058,0.06999765033527106-0.0003284680653859997*I,0.1279851127746695+0.08045092842034207*I,-0.01842757379489434+0.00032846806538665594*I,0.06999765033527118+0.0003284680653859972*I,0.4484576050848095
0.4460920433855373,-0.045086664155701575+0.013385833068257984*I,0.0236643256513067+0.013385833068257514*I,0.03210923984542559-0.20854708360153196*I,-0.04508666415570157-0.013385833068258083*I,0.05390795661446748,-0.0030769041389563513-0.027907676093857105*I,0.00465804645836428-0.013385833068261408*I,0.023664325651306658-0.013385833068257528*I,-0.0030769041389563526+0.027907676093857102*I,0.05390795661446711,0.04508666415570275-0.013385833068259807*I,0.03210923984542551+0.20854708360153193*I,0.004658046458364465+0.013385833068261582*I,0.04508666415570301+0.013385833068259774*I,0.44609204338553227
0.4418676992408232,-0.004000466432152034+0.010677147881420324*I,0.03665706222789419+0.01067714788142135*I,-0.05173639761082832-0.22481448450194855*I,-0.004000466432152014-0.01067714788142021*I,0.05813230075918335,0.00732246055874176-0.029770020289035633*I,0.026729168522521964-0.010677147881424274*I,0.03665706222789421-0.010677147881421368*I,0.007322460558741778+0.029770020289035724*I,0.05813230075918192,0.004000466432154128-0.010677147881421677*I,-0.05173639761082837+0.2248144845019491*I,0.026729168522521527+0.010677147881424388*I,0.004000466432154109+0.010677147881421755*I,0.4418676992408163
0.44033349857685167,0.030937337471866617-0.0022532328210141707*I,0.04563716747708114-0.0022532328210118227*I,-0.06359262906117336-0.11311413197759532*I,0.030937337471866513+0.002253232821014241*I,0.05966650142315536,0.008640050827312565-0.015643921226197156*I,0.03785890778604496+0.002253232821011277*I,0.04563716747708098+0.0022532328210118197*I,0.00864005082731256+0.015643921226197142*I,0.059666501423153315,-0.030937337471863783+0.0022532328210134213*I,-0.06359262906117324+0.11311413197759514*I,0.037858907786045025-0.002253232821011275*I,-0.030937337471863738-0.0022532328210134347*I,0.4403334985768439
0.44311959250726823,0.038422894063915844-0.009938544391537662*I,0.03462795023638792-0.009938544391535268*I,0.0004242298507761392+0.03839792167707446*I,0.0384228940639157+0.009938544391537654*I,0.05688040749273909,0.0003913592750019374+0.0032053517363539144*I,0.03297909824837809+0.009938544391537164*I,0.034627950236387914+0.009938544391535308*I,0.0003913592750019261-0.0032053517363538966*I,0.056880407492737296,-0.038422894063912534+0.009938544391537983*I,0.00042422985077584336-0.03839792167707431*I,0.03297909824837794-0.009938544391537225*I,-0.038422894063912715-0.009938544391537955*I,0.4431195925072629
0.4460278265803904,0.020680578642909512-0.001431800077911628*I,0.01133878007842553-0.0014318000779101748*I,0.06165596494575521+0.08686778870623624*I,0.020680578642909515+0.001431800077911609*I,0.05397217341961469,-0.007451567214900286+0.01037877498338757*I,0.016498564543216448+0.001431800077912305*I,0.011338780078425465+0.0014318000779101742*I,-0.007451567214900301-0.010378774983387564*I,0.053972173419614286,-0.020680578642906986+0.0014318000779131763*I,0.06165596494575528-0.08686778870623622*I,0.016498564543216524-0.001431800077912351*I,-0.02068057864290699-0.0014318000779131698*I,0.4460278265803876
0.4430502772823391,0.007963621538231663+0.013160176942846987*I,0.008911141891063849+0.013160176942847447*I,0.03568359702095909-0.0018158060558626822*I,0.007963621538231611-0.013160176942846987*I,0.05694972271766443,-0.0038049641948525352+0.00023969217750832866*I,0.010086061967428122-0.01316017694284705*I,0.00891114189106374-0.01316017694284742*I,-0.0038049641948526055-0.0002396921775083233*I,0.05694972271766594,-0.007963621538230438-0.01316017694284573*I,0.03568359702095898+0.0018158060558625447*I,0.010086061967428051+0.013160176942847055*I,-0.007963621538230449+0.013160176942845667*I,0.4430502772823368
0.43577474956850926,0.02104573342822553+0.011950197856029873*I,0.039113292206688556+0.011950197856029483*I,-0.03778683093173439-0.0678951933281796*I,0.02104573342822542-0.01195019785602984*I,0.06422525043149184,0.006224507362772381-0.008852244058270717*I,0.03173970038558373-0.011950197856031615*I,0.039113292206688466-0.011950197856029464*I,0.006224507362772379+0.008852244058270696*I,0.06422525043149362,-0.021045733428225653-0.011950197856029273*I,-0.037786830931734273+0.06789519332817956*I,0.03173970038558366+0.011950197856031686*I,-0.021045733428225796+0.011950197856029252*I,0.43577474956850815
0.43320553762354624,0.03248554346325727-0.0023563929818261357*I,0.03539198396112596-0.0023563929818267077*I,-0.032628233127326996+0.012744205542259622*I,0.032485543463257216+0.0023563929818261626*I,0.06679446237645749,0.005056469217405561+0.0016115789936222364*I,0.03035984033773247+0.002356392981824928*I,0.03539198396112605+0.0023563929818266804*I,0.005056469217405576-0.0016115789936222268*I,0.06679446237645732,-0.032485543463256474+0.0023563929818254965*I,-0.03262823312732697-0.012744205542259596*I,0.03035984033773261-0.0023563929818249886*I,-0.03248554346325671-0.002356392981825518*I,0.433205537623542
0.4357856781862614,0.013769497341537483-0.0025012235002243657*I,-0.007655507777323437-0.002501223500224298*I,0.025881948220639082+0.06684007921145259*I,0.013769497341537462+0.0025012235002243965*I,0.06421432181374238,-0.0037850704985906585+0.009691023333863088*I,-0.006787193604514959+0.002501223500225959*I,-0.00765550777732324+0.002501223500224294*I,-0.0037850704985906833-0.009691023333863109*I,0.06421432181374184,-0.01376949734153467+0.0025012235002234715*I,0.025881948220638922-0.06684007921145255*I,-0.006787193604514913-0.002501223500225986*I,-0.013769497341534674-0.0025012235002234906*I,0.43578567818625735
0.4342692704389481,0.00512620637865448+0.005141995500403992*I,0.02363532410205645+0.005141995500404965*I,-0.0009107011462998159-0.029404187570970883*I,0.005126206378654519-0.005141995500404013*I,0.06573072956105494,0.0002596114758393234-0.004329205331575472*I,0.022917499227869495-0.0051419955004046395*I,0.023635324102056487-0.005141995500405006*I,0.000259611475839321+0.004329205331575444*I,0.0657307295610558,-0.005126206378650646-0.005141995500404598*I,-0.0009107011462997018+0.029404187570970897*I,0.022917499227869745+0.005141995500404702*I,-0.005126206378650659+0.005141995500404603*I,0.43426927043894553
0.4329329469147815,0.021273701435354685-0.002794310536233757*I,0.011575706137349182-0.0027943105362348477*I,-0.017994791453054222-0.009705424214082345*I,0.02127370143535462+0.002794310536233747*I,0.06706705308522405,0.0028237028045497185-0.0017781156703302104*I,0.009932514718635153+0.002794310536230608*I,0.011575706137349118+0.0027943105362348408*I,0.002823702804549713+0.0017781156703302093*I,0.06706705308522344,-0.021273701435352583+0.00279431053623362*I,-0.017994791453054337+0.00970542421408238*I,0.009932514718634926-0.0027943105362306267*I,-0.02127370143535258-0.002794310536233638*I,0.43293294691477385
0.4352306547845839,0.0008417938209237955+0.0006658902416483783*I,0.00915796132961982+0.0006658902416492979*I,0.023086604845420345+0.07144077948857507*I,0.0008417938209237846-0.0006658902416483957*I,0.06476934521542202,-0.003433621788882729+0.010634116744433144*I,0.009465871071205702-0.0006658902416486657*I,0.009157961329619923-0.0006658902416493376*I,-0.003433621788882734-0.010634116744433179*I,0.06476934521541998,-0.0008417938209240659-0.0006658902416474376*I,0.023086604845420338-0.07144077948857483*I,0.00946587107120565+0.0006658902416486479*I,-0.0008417938209240622+0.000665890241647442*I,0.4352306547845786
0.4332377390110603,-0.015514870807022114-0.0023191979849017334*I,-0.016382997694421243-0.0023191979849009965*I,-0.042520804170965466-0.015262551249980806*I,-0.015514870807022092+0.0023191979849017065*I,0.0667622609889426,0.0065773180116120555-0.00218586293485589*I,-0.013174128296224106+0.002319197984904583*I,-0.016382997694421173+0.0023191979849009376*I,0.006577318011612061+0.0021858629348558848*I,0.06676226098894256,0.015514870807024296+0.0023191979849027026*I,-0.04252080417096559+0.015262551249980735*I,-0.01317412829622398-0.0023191979849045744*I,0.015514870807024277-0.0023191979849027503*I,0.4332377390110576
0.4470078020489766,0.009917147258817231-0.020617127217194723*I,0.010197060596710494-0.020617127217194633*I,0.014346859159487794-0.07833913169672287*I,0.009917147258817238+0.020617127217194865*I,0.05299219795102608,0.00020102617541085553-0.010201810631971623*I,0.01806004531960097+0.02061712721719443*I,0.010197060596710522+0.020617127217194664*I,0.00020102617541091188+0.010201810631971649*I,0.052992197951028525,-0.009917147258813326+0.02061712721719323*I,0.014346859159487756+0.07833913169672246*I,0.018060045319600832-0.02061712721719441*I,-0.009917147258813357-0.020617127217193235*I,0.4470078020489744
0.45053180407934174,0.07027030424117926+0.02365522923428815*I,-0.0076704259727871284+0.02365522923428683*I,0.10701655890253625-0.06690860037232826*I,0.0702703042411791-0.023655229234288134*I,0.049468195920662185,-0.009266329978243925+0.00003256719780563003*I,0.018686638365906824-0.023655229234290143*I,-0.007670425972787191-0.02365522923428687*I,-0.00926632997824383-0.000032567197805625254*I,0.04946819592066093,-0.0702703042411781-0.02365522923428843*I,0.10701655890253635+0.06690860037232818*I,0.018686638365906855+0.02365522923429012*I,-0.07027030424117797+0.023655229234288394*I,0.450531804079339
0.4014266103992899,-0.0047106762985953485+0.0335839774718404*I,-0.05189937547613853+0.03358397747184082*I,-0.11449096556610901+0.19928158018587827*I,-0.004710676298595285-0.03358397747184058*I,0.098573389600717,0.03373351265054272+0.04814691863926577*I,-0.015867892808775996-0.03358397747183762*I,-0.051899375476138244-0.033583977471840644*I,0.03373351265054274-0.04814691863926573*I,0.09857338960071535,0.004710676298595805-0.033583977471839964*I,-0.11449096556610891-0.19928158018587838*I,-0.015867892808776058+0.033583977471837584*I,0.004710676298595871+0.03358397747184014*I,0.4014266103992833
0.44527247791925045,-0.033066680244232725-0.08630081949843306*I,-0.09556629314256304-0.08630081949843028*I,0.03697656058160037-0.15416602558395792*I,-0.03306668024423278+0.08630081949843312*I,0.054727522080753196,0.028908203391891818-0.006130541406162883*I,-0.041298567915584304+0.08630081949842924*I,-0.09556629314256322+0.08630081949843016*I,0.028908203391891776+0.006130541406162913*I,0.054727522080752794,0.03306668024423296+0.08630081949843264*I,0.036976560581600315+0.15416602558395726*I,-0.041298567915584256-0.0863008194984293*I,0.033066680244233086-0.08630081949843223*I,0.44527247791925056
0.4536249519967131,0.04705549644099771+0.09151283081898266*I,-0.017695484521971852+0.09151283081898345*I,0.13461525451336584-0.06882617740030202*I,0.047055496440997664-0.09151283081898233*I,0.04637504800329164,0.02316100001274048+0.011949400193121512*I,-0.017537162978382943-0.09151283081898116*I,-0.01769548452197183-0.09151283081898336*I,0.02316100001274045-0.011949400193121525*I,0.046375048003291515,-0.047055496440995645-0.09151283081898262*I,0.13461525451336587+0.06882617740030159*I,-0.017537162978383033+0.09151283081898083*I,-0.047055496440995666+0.09151283081898295*I,0.45362495199670727
0.41698915351345694,0.023836063202336485-0.06634772765017213*I,0.05414813000631585-0.06634772765017434*I,-0.012072012599350425+0.1773426953534004*I,0.023836063202336496+0.06634772765017209*I,0.0830108464865471,0.023516558717959716+0.027718778541123045*I,-0.0036664870204681115+0.06634772765017126*I,0.05414813000631582+0.06634772765017434*I,0.02351655871795977-0.027718778541122986*I,0.08301084648654702,-0.023836063202335587+0.06634772765017166*I,-0.012072012599350446-0.17734269535340053*I,-0.0036664870204680764-0.06634772765017125*I,-0.023836063202335597-0.06634772765017172*I,0.4169891535134559
0.425338190462017,0.0032621679066689286+0.022912453820976425*I,0.02162789222554013+0.02291245382098*I,-0.13667976922320635-0.19429435051802485*I,0.003262167906668924-0.02291245382097653*I,0.07466180953798793,0.0264606382168766-0.03375403284161383*I,-0.0014014655908961807-0.022912453820977677*I,0.021627892225540377-0.022912453820980068*I,0.026460638216876546+0.03375403284161385*I,0.0746618095379865,-0.0032621679066663833-0.02291245382097716*I,-0.1366797692232065+0.19429435051802438*I,-0.0014014655908963808+0.02291245382097786*I,-0.003262167906666313+0.02291245382097715*I,0.42533819046201216
0.4424206621721615,-0.010056504832254681+0.035638176895395474*I,0.004327734210409592+0.03563817689539315*I,0.09829047847934994+0.007126756941505095*I,-0.010056504832254684-0.0356381768953954*I,0.057579337827841276,-0.007050623145522265-0.0006926372951627315*I,0.0010074821967987761-0.03563817689539347*I,0.004327734210409675-0.03563817689539282*I,-0.007050623145522225+0.0006926372951627263*I,0.057579337827843,0.010056504832254187-0.03563817689539527*I,0.09829047847934974-0.007126756941505121*I,0.0010074821967987824+0.03563817689539338*I,0.010056504832254197+0.035638176895395286*I,0.4424206621721592
0.44142533692362135,0.005352505375428324-0.002641443104922068*I,-0.015658991229815667-0.0026414431049224425*I,0.15028012495011409+0.10754051883495545*I,0.005352505375428324+0.002641443104922067*I,0.05857466307638338,-0.01990971633827601+0.014205965214148056*I,-0.013301568711818666+0.0026414431049232327*I,-0.015658991229815525+0.0026414431049224603*I,-0.019909716338276075-0.014205965214148051*I,0.05857466307638301,-0.00535250537542662+0.0026414431049203496*I,0.1502801249501144-0.10754051883495523*I,-0.013301568711818812-0.0026414431049234344*I,-0.00535250537542663-0.002641443104920406*I,0.4414253369236173
0.4312913376149223,-0.03242763568729801-0.021164911852921218*I,-0.055762290436553875-0.02116491185292131*I,0.04667838210726525+0.13206348586321495*I,-0.03242763568729798+0.021164911852921218*I,0.06870866238507946,-0.005359027663730152+0.024221589107687753*I,-0.07574313044394664+0.021164911852927928*I,-0.0557622904365541+0.02116491185292134*I,-0.005359027663730197-0.024221589107687725*I,0.06870866238507889,0.032427635687299505+0.021164911852922068*I,0.046678382107265166-0.13206348586321523*I,-0.07574313044394664-0.021164911852928056*I,0.03242763568729939-0.02116491185292209*I,0.43129133761492355
0.425829471576445,0.046721543660852315+0.06494040732883298*I,-0.07475535733475265+0.06494040732883084*I,0.11620920663518781+0.18382299889723747*I,0.04672154366085222-0.06494040732883291*I,0.07417052842356005,-0.00043394191355891555+0.04626847701359642*I,0.006812571170057413-0.06494040732882829*I,-0.07475535733475255-0.0649404073288307*I,-0.00043394191355890504-0.04626847701359646*I,0.07417052842355759,-0.046721543660851926-0.0649404073288325*I,0.11620920663518788-0.18382299889723872*I,0.006812571170057551+0.0649404073288283*I,-0.04672154366085192+0.06494040732883206*I,0.42582947157644113
0.472336885590404,-0.002330100774656194+0.03063212550526497*I,0.026773243270485813+0.030632125505266308*I,0.29077073052777974-0.19043048268845256*I,-0.0023301007746562457-0.03063212550526503*I,0.027663114409600016,-0.013056295088841234-0.011455070043197547*I,-0.0007952814364206157-0.030632125505265843*I,0.026773243270485823-0.030632125505266297*I,-0.013056295088841223+0.011455070043197567*I,0.027663114409599447,0.002330100774659137-0.030632125505265687*I,0.29077073052777974+0.19043048268845258*I,-0.0007952814364205297+0.030632125505266075*I,0.0023301007746591145+0.030632125505265687*I,0.4723368855904015
0.4314572464904876,-0.012074762556359192-0.0019329138576725555*I,0.05258350389776169-0.0019329138576762047*I,0.10299372778951142+0.0013370711125356785*I,-0.012074762556359265+0.0019329138576725522*I,0.06854275350952305,-0.01634461222357854+0.0003206006819091915*I,0.04680675887251297+0.0019329138576710874*I,0.05258350389776145+0.0019329138576761984*I,-0.01634461222357858-0.0003206006819091982*I,0.06854275350951897,0.01207476255636026+0.0019329138576705876*I,0.10299372778951134-0.0013370711125356577*I,0.046806758872512795-0.0019329138576710868*I,0.012074762556360214-0.001932913857670603*I,0.4314572464904763
0.4193585554428739,-0.009325028642033035+0.04339450818638293*I,0.0002896025655422137+0.043394508186379445*I,-0.004013983997539072-0.013624487795041093*I,-0.009325028642032879-0.043394508186383025*I,0.08064144455712967,0.009752656995747302-0.004549825956496719*I,-0.002351561775686231-0.04339450818637797*I,0.00028960256554221844-0.0433945081863794*I,0.009752656995747276+0.004549825956496719*I,0.08064144455713003,0.009325028642033658-0.04339450818638335*I,-0.004013983997539362+0.013624487795040881*I,-0.0023515617756862113+0.04339450818637792*I,0.00932502864203359+0.043394508186383414*I,0.41935855544287043
0.39811723342836586,0.007647201981053449-0.047588145262725305*I,0.049614494991456384-0.047588145262722856*I,-0.1181771259719319+0.08723384914074828*I,0.0076472019810533975+0.04758814526272522*I,0.10188276657163907,0.041619589124316604+0.020495956684493447*I,0.024219857371525537+0.04758814526272603*I,0.04961449499145638+0.04758814526272308*I,0.041619589124316486-0.02049595668449344*I,0.10188276657163817,-0.007647201981051286+0.04758814526272588*I,-0.11817712597193168-0.08723384914074836*I,0.024219857371525894-0.04758814526272582*I,-0.007647201981051426-0.047588145262725944*I,0.3981172334283637
0.375926479340474,-0.04581134168284873-0.03265638217495758*I,-0.1109424052107276-0.03265638217495822*I,-0.2089018961940673-0.043861568286914836*I,-0.045811341682848915+0.03265638217495775*I,0.12407352065952991,0.07462116628756389-0.006517215385893942*I,-0.05240736239696706+0.03265638217495817*I,-0.1109424052107275+0.03265638217495812*I,0.07462116628756407+0.006517215385893989*I,0.12407352065953102,0.04581134168284794+0.032656382174956644*I,-0.20890189619406788+0.04386156828691481*I,-0.05240736239696713-0.032656382174958136*I,0.04581134168284786-0.03265638217495662*I,0.37592647934047163
0.4179057274286982,-0.028862128477714705+0.01881268502823112*I,0.011354371530717907+0.01881268502822533*I,0.14363979812999178+0.03171463863484011*I,-0.028862128477714688-0.018812685028231108*I,0.08209427257131101,-0.02652313614371018+0.0036315413366979996*I,-0.005630860150868838-0.018812685028229355*I,0.011354371530717928-0.018812685028225366*I,-0.026523136143710227-0.0036315413366980074*I,0.08209427257130647,0.028862128477716395-0.018812685028231954*I,0.14363979812999214-0.03171463863484008*I,-0.005630860150868779+0.01881268502822933*I,0.02886212847771639+0.018812685028231954*I,0.41790572742869025
0.414600544120993,0.03416038960014337-0.023165589262007815*I,-0.0686751695907842-0.023165589262011465*I,0.09682426178147689-0.004004700299948068*I,0.03416038960014335+0.023165589262007825*I,0.08539945587901134,-0.017355139356049744-0.0046422764342243395*I,-0.05227226903656565+0.02316558926200932*I,-0.06867516959078376+0.023165589262011465*I,-0.017355139356049723+0.004642276434224326*I,0.08539945587901156,-0.03416038960014051+0.023165589262007045*I,0.09682426178147681+0.004004700299947962*I,-0.05227226903656567-0.02316558926200929*I,-0.0341603896001406-0.023165589262006982*I,0.4146005441209901
0.3654417533042441,0.0674838293577322+0.03142110621977865*I,0.11262068364375451+0.031421106219775716*I,-0.11776463681763294+0.12423097891042328*I,0.06748382935773216-0.03142110621977848*I,0.13455824669576086,0.04876502130356178+0.0573474039535124*I,0.09049002213788367-0.031421106219777895*I,0.11262068364375453-0.03142110621977562*I,0.04876502130356176-0.0573474039535123*I,0.1345582466957607,-0.06748382935772959-0.03142110621977686*I,-0.11776463681763276-0.1242309789104238*I,0.0904900221378837+0.031421106219777784*I,-0.06748382935772969+0.03142110621977681*I,0.3654417533042396
0.3908179074788698,-0.03265618022589287+0.040595986809882766*I,-0.0041201004127626294+0.040595986809880254*I,0.09451775791554283+0.061338420948388636*I,-0.03265618022589298-0.04059598680988266*I,0.10918209252114504,-0.01797148535182273+0.010351719689011817*I,-0.007172648404380509-0.04059598680986846*I,-0.004120100412762703-0.04059598680988056*I,-0.01797148535182286-0.010351719689011845*I,0.1091820925211358,0.03265618022589598-0.04059598680988256*I,0.09451775791554265-0.06133842094838866*I,-0.007172648404380479+0.040595986809868444*I,0.0326561802258959+0.04059598680988256*I,0.39081790747885614
0.33983465358966247,0.010558877996907134-0.031740334188500384*I,0.02259308256458035-0.03174033418849247*I,-0.1671153707381019+0.14701588334686316*I,0.010558877996907154+0.031740334188500384*I,0.16016534641034566,0.08469115368178841+0.06731675245557028*I,-0.015254052867603984+0.03174033418850312*I,0.02259308256458028+0.031740334188492376*I,0.08469115368178835-0.06731675245557013*I,0.16016534641034186,-0.010558877996905944+0.03174033418850227*I,-0.1671153707381024-0.1470158833468632*I,-0.015254052867603935-0.03174033418850303*I,-0.010558877996906068-0.031740334188502355*I,0.3398346535896572
0.36345120244780216,0.0422971581430506+0.014441200221039084*I,0.0944777548522964+0.014441200221039013*I,-0.034663031510129554+0.038668497031145985*I,0.042297158143050684-0.014441200221039084*I,0.13654879755219596,0.014170517982012595+0.017889004598179662*I,0.08948270621016678-0.014441200221035153*I,0.09447775485229612-0.014441200221038954*I,0.014170517982012588-0.017889004598179645*I,0.13654879755220134,-0.042297158143049456-0.014441200221037823*I,-0.034663031510129526-0.03866849703114618*I,0.08948270621016637+0.014441200221035141*I,-0.04229715814304937+0.014441200221037778*I,0.36345120244780654
0.33969663194572464,0.01586140043734829+0.09478261929368535*I,-0.0781820204590035+0.09478261929368673*I,0.02139516903582095+0.032154870803932416*I,0.01586140043734814-0.09478261929368552*I,0.16030336805429135,0.04279633889962548+0.024025272787395933*I,-0.05824022591164217-0.09478261929367172*I,-0.07818202045900365-0.09478261929368664*I,0.042796338899625565-0.024025272787396017*I,0.16030336805427967,-0.015861400437348874-0.09478261929368426*I,0.021395169035820977-0.03215487080393223*I,-0.058240225911642185+0.0947826192936719*I,-0.015861400437348936+0.09478261929368458*I,0.3396966319457076
0.3321405771824451,0.0553468048396314-0.012896338494900399*I,0.0855778854047619-0.012896338494907017*I,-0.051300548624949656-0.0015113617738568288*I,0.055346804839631274+0.012896338494900385*I,0.16785942281755536,0.026928090663988314-0.0050618283045636035*I,0.0685981448153382+0.01289633849488579*I,0.0855778854047618+0.012896338494907001*I,0.026928090663988376+0.005061828304563626*I,0.16785942281755853,-0.05534680483963162+0.012896338494901221*I,-0.05130054862494957+0.0015113617738569793*I,0.06859814481533773-0.01289633849488581*I,-0.05534680483963159-0.012896338494901231*I,0.33214057718244544
0.363202427111037,-0.019513519414584166-0.04283677360839901*I,0.036935071661806096-0.04283677360840134*I,0.24102126575163452-0.05671974892904948*I,-0.019513519414584256+0.04283677360839888*I,0.1367975728889791,-0.08067442185383554-0.01676016212185686*I,0.024415980736896662+0.04283677360838428*I,0.03693507166180609+0.04283677360840131*I,-0.08067442185383578+0.0167601621218569*I,0.13679757288896685,0.019513519414586185+0.0428367736083988*I,0.24102126575163554+0.05671974892904935*I,0.02441598073689665-0.0428367736083843*I,0.019513519414586226-0.0428367736083988*I,0.3632024271110196
0.29748575710231256,-0.03651620336786129+0.03469209888017202*I,-0.010246969755134701+0.03469209888018181*I,0.052568268447670506+0.1028116599913899*I,-0.03651620336786131-0.0346920988801721*I,0.20251424289769404,-0.027694568358335094+0.06147244892130057*I,0.0008268961614893621-0.03469209888016759*I,-0.010246969755134732-0.034692098880181814*I,-0.02769456835833519-0.061472448921300514*I,0.20251424289768938,0.036516203367862855-0.03469209888016972*I,0.052568268447670624-0.10281165999138982*I,0.0008268961614894597+0.03469209888016767*I,0.03651620336786271+0.034692098880169796*I,0.29748575710230585
0.28800219795404836,0.010567400903396706+0.019851978772136788*I,0.057719819078451376+0.01985197877213624*I,0.05910551565862316+0.008356415823945418*I,0.010567400903396721-0.019851978772136895*I,0.2119978020459566,-0.04077065164605128+0.007607960772687749*I,0.06320924294206089-0.019851978772145267*I,0.05771981907845145-0.01985197877213628*I,-0.04077065164605113-0.007607960772687741*I,0.211997802045952,-0.010567400903396638-0.019851978772135598*I,0.059105515658623126-0.008356415823945374*I,0.06320924294206096+0.019851978772145285*I,-0.010567400903396638+0.019851978772135646*I,0.28800219795404397
0.25509523177606874,0.00006961179449828253+0.002186828576651359*I,-0.012304602258994173+0.002186828576632511*I,0.0995566251293207+0.12442311601631492*I,0.00006961179449826711-0.0021868285766513335*I,0.24490476822393845,-0.095542074990262+0.11945389427956843*I,-0.010117008715275959-0.0021868285766514957*I,-0.012304602258994279-0.002186828576632521*I,-0.09554207499026221-0.11945389427956814*I,0.24490476822393067,-0.00006961179449886255-0.002186828576650068*I,0.09955662512932047-0.12442311601631557*I,-0.010117008715275978+0.0021868285766514692*I,-0.0000696117944988777+0.00218682857665014*I,0.25509523177606275
0.25377106951853373,-0.029875023631546087+0.03700676897845124*I,0.05778318734477702+0.037006768978470495*I,0.1367792195447411-0.01458664078424574*I,-0.029875023631546142-0.03700676897845119*I,0.24622893048149058,-0.12192090729190583-0.022866314770010783*I,0.021324446238787997-0.037006768978442635*I,0.05778318734477665-0.03700676897847035*I,-0.12192090729190593+0.02286631477001051*I,0.24622893048146682,0.029875023631547818-0.03700676897845216*I,0.1367792195447413+0.014586640784245618*I,0.021324446238788014+0.03700676897844269*I,0.0298750236315479+0.03700676897845199*I,0.2537710695185081
0.20580257244933042,-0.05322639860742637-0.03653604901561819*I,-0.04627223875507647-0.03653604901560549*I,0.08680191656436559+0.00521514957286863*I,-0.053226398607426194+0.036536049015618174*I,0.29419742755069733,-0.11111199696004986+0.026353646317301617*I,-0.09302281445593372+0.03653604901560528*I,-0.04627223875507644+0.03653604901560514*I,-0.11111199696005028-0.026353646317301666*I,0.29419742755066874,0.053226398607427214+0.03653604901561824*I,0.08680191656436582-0.005215149572868685*I,-0.09302281445593369-0.036536049015605185*I,0.053226398607427346-0.036536049015618216*I,0.205802572449305
0.1766282803502109,-0.059116672488257+0.031415792583971744*I,0.04858318996362519+0.03141579258400287*I,0.05988964370749753-0.018965309374226524*I,-0.059116672488257097-0.03141579258397173*I,0.3233717196498216,-0.09847071484283038-0.055751202065704976*I,0.0017471264534557349-0.031415792583966366*I,0.04858318996362526-0.03141579258400282*I,-0.09847071484283017+0.0557512020657051*I,0.3233717196497896,0.05911667248825985-0.0314157925839719*I,0.0598896437074975+0.018965309374226486*I,0.0017471264534558238+0.03141579258396624*I,0.059116672488259685+0.03141579258397199*I,0.1766282803501795
0.13673353517750847,0.030293644596419284+0.0012120998921753047*I,0.012293814589661878+0.0012120998921593736*I,0.03600815111042657+0.04465828319411047*I,0.030293644596419218-0.0012120998921753194*I,0.36326646482250946,-0.09564307226752253+0.11918286531917424*I,0.029040963430241224-0.0012120998922060117*I,0.01229381458966188-0.0012120998921592943*I,-0.09564307226752271-0.1191828653191744*I,0.3632664648224914,-0.030293644596418534-0.0012120998921728997*I,0.03600815111042655-0.04465828319411045*I,0.029040963430241245+0.0012120998922059934*I,-0.030293644596418492+0.0012120998921729572*I,0.13673353517749226
0.06688616203363296,-0.06660391665082692+0.018418571238189074*I,-0.03237718643033593+0.0184185712382028*I,-0.035692968496869044-0.0010582636797275135*I,-0.06660391665082671-0.018418571238189047*I,0.43311383796636155,0.2412697277934424-0.04353436529361418*I,0.03812468487229032-0.018418571238169663*I,-0.032377186430335936-0.018418571238202845*I,0.24126972779344233+0.04353436529361398*I,0.4331138379663674,0.06660391665082696-0.018418571238187558*I,-0.03569296849686926+0.0010582636797275338*I,0.03812468487229043+0.018418571238169583*I,0.06660391665082688+0.018418571238187475*I,0.0668861620336385
0.07709666608746772,0.009067248923889385+0.01513021825169162*I,0.06728026101977168+0.015130218251740046*I,-0.021905004080871506-0.040521028502563824*I,0.009067248923889451-0.015130218251691733*I,0.4229033339125242,0.12609554676242277-0.21871372645149104*I,0.04622331599477097-0.015130218251675674*I,0.06728026101977178-0.015130218251740072*I,0.12609554676242288+0.21871372645149179*I,0.4229033339125305,-0.009067248923886105-0.015130218251690463*I,-0.02190500408087159+0.04052102850256382*I,0.046223315994770746+0.015130218251675777*I,-0.009067248923886178+0.015130218251690402*I,0.0770966660874773
0.06772566247095407,0.05417397748033753+0.02979530704577034*I,-0.05009938480486991+0.02979530704578629*I,0.0035952556512081784-0.023033513366918505*I,0.05417397748033755-0.029795307045770335*I,0.4322743375290801,0.0032688331269844287-0.09934987566497745*I,-0.06461445299300168-0.029795307045774457*I,-0.05009938480486993-0.02979530704578625*I,0.0032688331269843363+0.0993498756649777*I,0.4322743375290439,-0.054173977480336366-0.02979530704577054*I,0.0035952556512081923+0.02303351336691846*I,-0.06461445299300199+0.029795307045774443*I,-0.05417397748033659+0.029795307045770592*I,0.06772566247092081
0.030606990517382922,0.0076403743174669695-0.024070992752913804*I,0.010318614080325124-0.0240709927529315*I,-0.01975141893556963-0.007812784726878507*I,0.007640374317466961+0.02407099275291381*I,0.46939300948262747,0.3407719342420755-0.1318355466128572*I,0.012746376492947646+0.02407099275291751*I,0.010318614080325148+0.024070992752931446*I,0.3407719342420758+0.1318355466128574*I,0.4693930094826176,-0.007640374317465731+0.02407099275291182*I,-0.019751418935569625+0.007812784726878541*I,0.012746376492947652-0.02407099275291753*I,-0.007640374317465726-0.024070992752911795*I,0.030606990517373492
0.08205639594357973,-0.013413841465830183-0.03541968792402122*I,-0.043113496787173654-0.03541968792398194*I,-0.01655624637582973-0.03447010213565973*I,-0.013413841465830245+0.03541968792402126*I,0.4179436040564224,0.11490494746700441-0.16398880802468316*I,-0.007942487680179324+0.035419687923997176*I,-0.04311349678717347+0.03541968792398187*I,0.1149049474670048+0.16398880802468296*I,0.41794360405642,0.013413841465831628+0.03541968792401971*I,-0.016556246375829715+0.034470102135659604*I,-0.007942487680179373-0.0354196879239974*I,0.013413841465831635-0.03541968792401994*I,0.08205639594357787
0.1412361647369514,-0.03699810632829524-0.0166268252629557*I,0.044826389677409144-0.016626825262931296*I,0.03554345699123099-0.00876900058258135*I,-0.03699810632829523+0.0166268252629557*I,0.3587638352630613,-0.08637167636752129-0.013563651958601538*I,0.028269157855251578+0.016626825262954784*I,0.04482638967740912+0.016626825262931147*I,-0.08637167636752102+0.013563651958601475*I,0.35876383526304884,0.03699810632829539+0.01662682526295406*I,0.03554345699123086+0.008769000582581366*I,0.02826915785525156-0.01662682526295482*I,0.03699810632829532-0.016626825262954014*I,0.1412361647369377
0.20765571279759687,-0.00741899262676847-0.030544130246194366*I,-0.05304006686054993-0.030544130246234754*I,0.004470384605530222-0.11677138578877344*I,-0.007418992626768491+0.030544130246194328*I,0.2923442872023875,0.002691938384134838-0.1622119311626628*I,-0.019007632900192126+0.030544130246159224*I,-0.0530400668605498+0.030544130246234754*I,0.0026919383841347753+0.16221193116266197*I,0.29234428720240335,0.007418992626770418+0.030544130246191063*I,0.004470384605530179+0.11677138578877355*I,-0.019007632900191994-0.030544130246159158*I,0.00741899262677042-0.030544130246191185*I,0.20765571279761216
0.26601544085652634,0.04854438081081441+0.0019626195949048334*I,-0.014355937837897804+0.0019626195948450466*I,0.0048142549711994165+0.05991897407597878*I,0.04854438081081439-0.0019626195949048997*I,0.23398455914345787,-0.00420561141894025+0.053420444293555455*I,-0.011714713868990825-0.001962619594939736*I,-0.014355937837897835-0.0019626195948450574*I,-0.004205611418940401-0.0534204442935554*I,0.23398455914347552,-0.048544380810814504-0.0019626195949052697*I,0.004814254971199292-0.05991897407597886*I,-0.01171471386899086+0.001962619594939806*I,-0.048544380810814455+0.0019626195949052766*I,0.26601544085654394
0.35704168127536934,0.025275596498764392+0.026542830367164018*I,0.036848782095268824+0.026542830367205072*I,-0.0717072320186973-0.16614539841572817*I,0.02527559649876435-0.02654283036716406*I,0.14295831872455336,0.032657780951404335-0.06276604737208995*I,0.001993399570959951-0.02654283036714749*I,0.03684878209526894-0.026542830367205165*I,0.032657780951404404+0.06276604737208992*I,0.14295831872463416,-0.025275596498761824-0.026542830367165454*I,-0.07170723201869722+0.1661453984157281*I,0.001993399570959992+0.026542830367147465*I,-0.025275596498761883+0.026542830367165367*I,0.35704168127544794
0.41682150879076163,-0.026888247819048233-0.041499869518462476*I,0.054872428328499034-0.041499869518480614*I,0.06496140815995918+0.0811276046813369*I,-0.026888247819048146+0.041499869518462504*I,0.08317849120927556,-0.004699646098306986+0.021543488317115167*I,0.030336825716592183+0.04149986951844639*I,0.054872428328499034+0.041499869518480635*I,-0.004699646098306982-0.02154348831711525*I,0.08317849120924545,0.026888247819048285+0.041499869518462115*I,0.06496140815995868-0.08112760468133702*I,0.030336825716592325-0.04149986951844643*I,0.02688824781904835-0.04149986951846214*I,0.41682150879072605
0.4457316110637359,0.06142736801080362+0.035951429755024175*I,0.005776652244271181+0.035951429755002554*I,0.09858163933690692+0.13208187238690214*I,0.0614273680108035-0.03595142975502413*I,0.05426838893624417,-0.006202961768968983+0.025990245131254756*I,0.05425489577692724-0.03595142975500439*I,0.005776652244271115-0.035951429755002755*I,-0.006202961768968959-0.025990245131254735*I,0.05426838893626708,-0.061427368010802605-0.03595142975502274*I,0.09858163933690649-0.13208187238690192*I,0.05425489577692714+0.03595142975500441*I,-0.061427368010802536+0.03595142975502265*I,0.44573161106375575
0.3867691154671909,0.03254367230638453-0.007320414625822216*I,-0.0007745380037616641-0.0073204146258791635*I,0.07787835297316684+0.19745535688187008*I,0.03254367230638456+0.007320414625822163*I,0.1132308845328151,-0.022522630438095236+0.05657529903743779*I,0.004856689893840478+0.00732041462577554*I,-0.0007745380037616394+0.0073204146258791574*I,-0.022522630438095187-0.05657529903743797*I,0.11323088453281374,-0.03254367230638472+0.00732041462582412*I,0.0778783529731669-0.19745535688186977*I,0.004856689893840477-0.007320414625775454*I,-0.03254367230638487-0.007320414625824159*I,0.3867691154671867
0.27054523170091305,-0.011519825088986331-0.039664987178633086*I,-0.022492613229525515-0.039664987178568846*I,-0.08076265388854487-0.04630121767764571*I,-0.011519825088986288+0.03966498717863307*I,0.22945476829915432,0.08012707640299499-0.03589110657850261*I,-0.0020382970718812385+0.039664987178583924*I,-0.022492613229525636+0.03966498717856887*I,0.08012707640299545+0.0358911065785025*I,0.2294547682990882,0.011519825088987946+0.03966498717863378*I,-0.0807626538885449+0.046301217677645785*I,-0.002038297071881252-0.03966498717858393*I,0.011519825088988042-0.039664987178633856*I,0.2705452317008459
0.11855332252236374,0.0417331355089398-0.04181894970827956*I,0.09805279780886746-0.04181894970833302*I,-0.042621266848484836+0.04896126836635449*I,0.04173313550893998+0.04181894970827943*I,0.3814466774776275,0.1666371664523165+0.1280912338036331*I,0.03350415685982019+0.0418189497082313*I,0.0980527978088676+0.04181894970833286*I,0.16663716645231688-0.12809123380363324*I,0.38144667747763555,-0.04173313550893769+0.04181894970828064*I,-0.04262126684848487-0.048961268366354414*I,0.033504156859820125-0.04181894970823133*I,-0.04173313550893781-0.041818949708280734*I,0.11855332252237555
0.0967731155424221,-0.015527507972380191+0.008271259459815761*I,0.00773727919685832+0.008271259459875268*I,0.022286243837767984-0.06101514382783016*I,-0.015527507972380087-0.008271259459815824*I,0.40322688445761157,-0.09144673242412692-0.25688756950202113*I,-0.009844502885334304-0.008271259459853825*I,0.00773727919685831-0.008271259459875401*I,-0.09144673242412699+0.2568875695020209*I,0.4032268844575756,0.015527507972381147-0.008271259459817097*I,0.022286243837767884+0.061015143827830305*I,-0.009844502885334411+0.008271259459853809*I,0.015527507972381243+0.008271259459816827*I,0.09677311554238763
0.09081441264559581,0.0006983307777695725+0.0037384489785443854*I,0.04424041787741835+0.003738448978656818*I,-0.039193545448213706-0.005774405700952176*I,0.000698330777769552-0.003738448978544352*I,0.4091855873542559,0.17690348313948176-0.025960441428990906*I,0.04316223262583267-0.0037384489785336735*I,0.0442404178774181-0.0037384489786568176*I,0.17690348313948154+0.02596044142899089*I,0.4091855873544029,-0.0006983307777687702-0.003738448978543019*I,-0.03919354544821382+0.005774405700952189*I,0.04316223262583241+0.0037384489785337047*I,-0.0006983307777687652+0.003738448978543015*I,0.09081441264574659
0.2468181623117259,-0.017963092002180967-0.04905753510239471*I,0.0477311120608102-0.049057535102520464*I,-0.07248584157341824+0.05234437420982477*I,-0.01796309200218104+0.049057535102394745*I,0.2531818376881739,0.09385606739650076+0.060834643396410634*I,0.03747403760272133+0.049057535102264266*I,0.04773111206081027+0.04905753510252076*I,0.09385606739650057-0.060834643396410384*I,0.25318183768827696,0.01796309200218211+0.04905753510239383*I,-0.07248584157341872-0.052344374209824795*I,0.03747403760272133-0.04905753510226409*I,0.017963092002182067-0.04905753510239387*I,0.2468181623118283
0.42221296398477776,-0.0032522480887835024+0.01540680887111136*I,-0.008669393221761456+0.015406808871124495*I,0.0027483192016686813+0.03850460390466893*I,-0.003252248088783492-0.015406808871111375*I,0.07778703601517788,0.0006180670342198476+0.006856600171559459*I,-0.005901620050446276-0.015406808870938886*I,-0.008669393221761345-0.01540680887112444*I,0.0006180670342198257-0.006856600171559433*I,0.07778703601522802,0.003252248088785375-0.015406808871114046*I,0.0027483192016686375-0.03850460390466897*I,-0.005901620050446331+0.015406808870938878*I,0.003252248088785396+0.01540680887111406*I,0.42221296398482355
0.35846072908725973,0.018531167068221673+0.01481001240268485*I,0.09870151437799207+0.014810012402617157*I,-0.11642003919798857-0.06781463586051494*I,0.018531167068221707-0.014810012402684841*I,0.14153927091279606,0.04719256261503303-0.025245556219506395*I,0.08106089414749215-0.014810012402551882*I,0.09870151437799236-0.01481001240261719*I,0.047192562615033136+0.025245556219506433*I,0.1415392709127461,-0.018531167068218644-0.014810012402686402*I,-0.1164200391979884+0.06781463586051485*I,0.08106089414749232+0.014810012402551889*I,-0.018531167068218658+0.014810012402686451*I,0.3584607290872043
0.14669700632214772,0.05510376494148593+0.022147653562461213*I,0.06412775905717591+0.022147653562446756*I,-0.014508805392215846-0.0140390012112264*I,0.05510376494148612-0.0221476535624613*I,0.35330299367785944,0.041630307594858654-0.017172695118008584*I,0.048988789763349-0.02214765356245795*I,0.06412775905717606-0.022147653562446728*I,0.0416303075948585+0.017172695118008556*I,0.35330299367785284,-0.05510376494148446-0.022147653562459717*I,-0.014508805392215857+0.014039001211226441*I,0.0489887897633492+0.0221476535624579*I,-0.05510376494148447+0.022147653562459704*I,0.14669700632213978
0.050631519288902,-0.026900913371342785+0.012864775932517645*I,-0.011002141908148404+0.012864775932545886*I,-0.03301984983224211-0.009132980425846884*I,-0.026900913371342854-0.012864775932517641*I,0.4493684807109949,0.2995976594230875-0.09472798864177184*I,0.019444124920244766-0.012864775932370603*I,-0.011002141908148355-0.012864775932545891*I,0.29959765942308864+0.09472798864177162*I,0.4493684807110959,0.02690091337134385-0.012864775932516536*I,-0.03301984983224209+0.00913298042584687*I,0.019444124920244756+0.012864775932370596*I,0.026900913371343926+0.012864775932516517*I,0.05063151928900578
0.3477669342051376,0.033213404969415945+0.06725618743155928*I,0.044121344445925297+0.06725618743151732*I,0.035004003650351646-0.17179293136600396*I,0.03321340496941605-0.06725618743155952*I,0.1522330657948656,0.010691133454921174-0.06235483742476047*I,-0.015640147636835234-0.06725618743134214*I,0.04412134444592531-0.06725618743151691*I,0.010691133454921141+0.062354837424760466*I,0.15223306579486556,-0.033213404969413204-0.06725618743156178*I,0.0350040036503515+0.17179293136600463*I,-0.015640147636835317+0.06725618743134204*I,-0.03321340496941319+0.06725618743156216*I,0.3477669342051332
0.4132921988653392,-0.014337462603833019+0.035160987177657456*I,0.014062300252021459+0.035160987177758424*I,-0.03592177737778556-0.21794083286750981*I,-0.014337462603833033-0.03516098717765738*I,0.08670780113462079,0.01351897854177683-0.04816304088858457*I,-0.020528179363822157-0.035160987177439804*I,0.014062300252021322-0.0351609871777584*I,0.013518978541776775+0.04816304088858456*I,0.08670780113466575,0.014337462603836643-0.03516098717765767*I,-0.0359217773777855+0.2179408328675096*I,-0.02052817936382216+0.035160987177439894*I,0.014337462603836719+0.035160987177657664*I,0.4132921988653794
0.06705712840987646,-0.04566836547490151+0.0012365458105184596*I,0.012981394234130172+0.0012365458105802198*I,-0.02299850709913391+0.012926764655411645*I,-0.04566836547490154-0.0012365458105184145*I,0.43294287159033396,0.14853152875895556+0.08177517720143374*I,0.04478379286179656-0.0012365458105768365*I,0.012981394234130094-0.001236545810580167*I,0.1485315287589558-0.08177517720143403*I,0.43294287159012157,0.04566836547490256-0.0012365458105176614*I,-0.022998507099133928-0.012926764655411704*I,0.04478379286179649+0.0012365458105768456*I,0.04566836547490249+0.0012365458105176798*I,0.06705712840966498
0.1987392539951893,0.03072823437862437-0.015624051390015083*I,-0.014733333896194273-0.015624051390231646*I,-0.085132909654152+0.03790542039728806*I,0.030728234378624295+0.01562405139001507*I,0.30126074600455005,0.13150610818076716+0.05262783265027291*I,-0.047019056752065386+0.015624051389861166*I,-0.01473333389619422+0.015624051390231694*I,0.13150610818076783-0.05262783265027281*I,0.3012607460048114,-0.030728234378623074+0.015624051390014616*I,-0.08513290965415224-0.03790542039728797*I,-0.047019056752065365-0.01562405138986118*I,-0.030728234378623154-0.015624051390014656*I,0.19873925399545112
