"Choi matrices from t=0 to t=1000 log spaced, 100 points. Initial state of environment generated with SeedRandom[1055];ψ=RandomChainProductState[L-1];"
0.4994495660501867,0.002177684402679292+0.016361904855285214*I,0.00221086135266422+0.016358577047589775*I,0.47312737252641274-0.12982096857088524*I,0.002177684402679293-0.016361904855285214*I,0.0005504365559159796,0.0005504338926860412-1.0724974769557075*^-6*I,-0.0022084021273784896-0.016358819626125183*I,0.0022108613526642196-0.016358577047589813*I,0.0005504338926860418+1.0724974769557147*^-6*I,0.000550433949815119,-0.0021776844027192916-0.0163619048558482*I,0.4731273725264129+0.1298209685708848*I,-0.002208402127378492+0.016358819626125135*I,-0.002177684402719293+0.016361904855848177*I,0.4994495634434056
0.49933826898644,0.002619386864024209+0.01788882638441975*I,0.0026630581376016656+0.017884015864996827*I,0.46765674173250515-0.14196930232470545*I,0.0026193868640242072-0.017888826384419767*I,0.0006617356583092545,0.0006617309631138978-1.5440839629905174*^-6*I,-0.002659410731008909-0.017884410573542252*I,0.002663058137601661-0.01788401586499685*I,0.0006617309631138955+1.5440839629905004*^-6*I,0.0006617310135577073,-0.002619386864036125-0.017888826384947053*I,0.4676567417325051+0.14196930232470525*I,-0.0026594107310089084+0.017884410573542224*I,-0.0026193868640361213+0.017888826384946956*I,0.4993382643410289
0.4992047844915585,0.0031492571406027087+0.019542741481610244*I,0.003206698353015221+0.01953579204843338*I,0.46108806341794356-0.15509984300296933*I,0.0031492571406027117-0.019542741481610233*I,0.0007952237960034353,0.000795215514340964-2.2203750643430417*^-6*I,-0.0032012833603199736-0.01953643500892167*I,0.003206698353015219-0.01953579204843333*I,0.000795215514340963+2.220375064343073*^-6*I,0.0007952155084334812,-0.0031492571405875923-0.01954274148209574*I,0.4610880634179426+0.15509984300296933*I,-0.0032012833603199736+0.019536435008921636*I,-0.003149257140587589+0.01954274148209575*I,0.4992047762033543
0.49904483353280166,0.003784187367523416+0.021329094691520323*I,0.0038596716114283574+0.021319062901149065*I,0.453209165171995-0.1692361048915825*I,0.003784187367523426-0.021329094691520327*I,0.000955181271083655,0.0009551666563492496-3.1883879752971886*^-6*I,-0.003851625305462896-0.021320111357703293*I,0.0038596716114283596-0.021319062901149134*I,0.0009551666563492497+3.188387975297272*^-6*I,0.0009551664671828984,-0.003784187367483597-0.02132909469195752*I,0.45320916517199533+0.1692361048915824*I,-0.0038516253054628915+0.021320111357703297*I,-0.003784187367483599+0.021329094691957567*I,0.499044818728299
0.4988533778500801,0.004543962372119585+0.023251706283106452*I,0.004643049681127892+0.023237238002339657*I,0.44377101230773147-0.18437975065632675*I,0.004543962372119576-0.02325170628310645*I,0.0011466486220806707,0.001146622819843486-4.570843289340102*^-6*I,-0.004631084485682639-0.023238949341205087*I,0.00464304968112789-0.02323723800233961*I,0.0011466228198434877+4.570843289340003*^-6*I,0.0011466221498935537,-0.004543962372058918-0.02325170628348912*I,0.44377101230773236+0.18437975065632692*I,-0.004631084485682637+0.023238949341205087*I,-0.00454396237205891+0.023251706283489094*I,0.498853351377325
0.4986245160880865,0.005451586373471131+0.025311972941497934*I,0.005581488920202127+0.025291128499095258*I,0.43248337511275736-0.20050091870393502*I,0.00545158637347113-0.02531197294149803*I,0.0013755312963428627,0.0013754857250595667-6.539906482190405*^-6*I,-0.005563686217275135-0.02529392416488596*I,0.005581488920202123-0.02529112849909533*I,0.0013754857250595593+6.539906482190387*^-6*I,0.0013754839118718142,-0.005451586373395325-0.025311972941820332*I,0.43248337511275964+0.20050091870393502*I,-0.00556368621727513+0.025293924164885934*I,-0.005451586373395323+0.025311972941820287*I,0.49862446870309196
0.49835138102385307,0.006533556892897933+0.027507818103887166*I,0.0067035948378722605+0.027477825844750264*I,0.41901109928876024-0.21752549955600775*I,0.00653355689289794-0.027507818103887256*I,0.0016487038681926777,0.001648623357110061-9.335569060096513*^-6*I,-0.006677098402128374-0.027482395906281498*I,0.006703594837872286-0.027477825844750333*I,0.0016486233571100669+9.335569060096645*^-6*I,0.001648618976087194,-0.006533556892814839-0.027507818104144977*I,0.41901109928876246+0.21752549955600825*I,-0.006677098402128357+0.027482395906281577*I,-0.006533556892814845+0.02750781810414491*I,0.49835129613127516
0.49802604743697554,0.007820024026577714+0.029832332892486744*I,0.008042186767872684+0.029789243884649232*I,0.4029717527008113-0.23531862194306094*I,0.007820024026577724-0.02983233289248676*I,0.0019741047639445447,0.001973962498488452-0.00001328975831214899*I,-0.00800275143351134-0.029796717757198204*I,0.008042186767872694-0.02978924388464933*I,0.0019739624984884525+0.000013289758312149081*I,0.0019739525629428344,-0.00782002402649725-0.029832332892677955*I,0.4029717527008115+0.2353186219430608*I,-0.008002751433511349+0.029796717757198245*I,-0.007820024026497258+0.029832332892677935*I,0.49802589523555985
0.49763946570038914,0.009344740806627333+0.03227204398707548*I,0.00963436570862194+0.03221025178474973*I,0.3839358360357479-0.25366354519800116*I,0.009344740806627326-0.03227204398707558*I,0.0023608073217480856,0.0023605559283133215-0.00001885713927540831*I,-0.009575697409016681-0.03222247613481706*I,0.00963436570862194-0.03221025178474969*I,0.002360555928313322+0.000018857139275407938*I,0.002360534299502255,-0.009344740806561372-0.03227204398720206*I,0.3839358360357474+0.25366354519800066*I,-0.009575697409016645+0.032222476134817*I,-0.009344740806561346+0.0322720439872021*I,0.4976391926777977
0.4971814439472742,0.011144665205745372+0.03480474692206645*I,0.011521238835563852+0.03471632573132642*I,0.361431324840722-0.27223517355607857*I,0.01114466520574537-0.034804746922066504*I,0.0028190459364616635,0.0028186017874698398-0.00002665304640431712*I,-0.011434038350650043-0.03473631496551262*I,0.011521238835563895-0.03471632573132646*I,0.0028186017874698367+0.000026653046404317187*I,0.0028185560525883727,-0.01114466520570679-0.03480474692213576*I,0.36143132484072077+0.2722351735560779*I,-0.01143403835065004+0.03473631496551266*I,-0.011144665205706825+0.03480474692213572*I,0.497180954063128
0.49664071228100765,0.013259013225234505+0.03739685860402721*I,0.013747085889184585+0.03727066159194282*I,0.3349550975061571-0.2905675919312361*I,0.013259013225234536-0.03739685860402721*I,0.0033601666492568457,0.0033593823050812855-0.0000374977208923255*I,-0.013617680110486398-0.037303323952235096*I,0.013747085889184585-0.03727066159194275*I,0.003359382305081283+0.000037497720892325635*I,0.0033592877188264553,-0.013259013225235913-0.03739685860405306*I,0.3349550975061573+0.29056759193123594*I,-0.013617680110486398+0.03730332395223508*I,-0.013259013225235922+0.03739685860405313*I,0.49663983335038
0.4960051164364689,0.015727482866251672+0.04000028160941809*I,0.01635766179432779+0.039820730213546734*I,0.3039948313654507-0.30801550361870544*I,0.015727482866251637-0.04000028160941802*I,0.003996459702796787,0.003995075695650521-0.000052463522314520535*I,-0.016166076498043656-0.039874029181741676*I,0.016357661794327794-0.03982073021354666*I,0.003995075695650524+0.00005246352231452052*I,0.003994883563340187,-0.015727482866302787-0.04000028160942258*I,0.30399483136545014+0.3080155036187047*I,-0.016166076498043636+0.03987402918174158*I,-0.01572748286630278+0.040000281609422594*I,0.49600354029688887
0.4952620056933124,0.018587270329152104+0.04254885082354776*I,0.019397214763618276+0.04229433950792701*I,0.26806621917876633-0.32371043168234864*I,0.018587270329152094-0.04254885082354777*I,0.00474081775041094,0.004738378623258645-0.0000729173201970035*I,-0.019114520969590692-0.04238113275761709*I,0.01939721476361832-0.04229433950792704*I,0.004738378623258649+0.00007291732019700347*I,0.004737994306482425,-0.01858727032925662-0.04254885082356045*I,0.2680662191787655+0.32371043168234936*I,-0.019114520969590734+0.04238113275761704*I,-0.0185872703292566+0.04254885082356057*I,0.49525918224932447
0.4943988998760985,0.021868387721672516+0.04495457329928767*I,0.022903663627322626+0.04459541932489459*I,0.2267717978137805-0.3365143257376139*I,0.021868387721672475-0.04495457329928767*I,0.005606149263906787,0.005601858271443738-0.00010054299968298051*I,-0.022488435641688828-0.04473633172659572*I,0.022903663627322598-0.04459541932489457*I,0.00560185827144373+0.00010054299968298026*I,0.005601100123696559,-0.021868387721823916-0.044954573299343076*I,0.2267717978137807+0.33651432573761325*I,-0.022488435641688856+0.04473633172659579*I,-0.021868387721823975+0.04495457329934323*I,0.494393850735874
0.4934045402166389,0.025586682271974713+0.04710410656253361*I,0.026901237938522855+0.046600003236117266*I,0.1798890645268611-0.34497620372792065*I,0.025586682271974758-0.047104106562533964*I,0.006604466185780009,0.006596935873128965-0.00013731820484507096*I,-0.02629503380304331-0.04682783629453601*I,0.026901237938522768-0.04660000323611732*I,0.00659693587312896+0.00013731820484507093*I,0.0065954597831750575,-0.025586682272153365-0.047104106562666385*I,0.17988906452686015+0.34497620372792104*I,-0.026295033803043336+0.046827836294535935*I,-0.025586682272153424+0.047104106562666385*I,0.49339553381404266
0.49227044236605383,0.02973388750363273+0.04885628873504949*I,0.0313897777833581+0.04815329304628706*I,0.12749637897059654-0.34730216347125964*I,0.029733887503632737-0.04885628873504948*I,0.007745565816439997,0.007732394318011577-0.00018540518777417596*I,-0.030511759961559214-0.04851963318358111*I,0.03138977778335802-0.048153293046287196*I,0.007732394318011586+0.0001854051877741752*I,0.007729557633799647,-0.029733887503804773-0.04885628873528392*I,0.12749637897059599+0.34730216347125936*I,-0.030511759961559186+0.048519633183581025*I,-0.029733887503804804+0.04885628873528396*I,0.49225443418341325
0.4909930643960429,0.034264078904521614+0.0500420780314763*I,0.036329894486376205+0.0490693092560079*I,0.07014443484329405-0.34135605000188685*I,0.034264078904521614-0.05004207803147626*I,0.00903525301657274,0.009012313952530503-0.00024690035978791987*I,-0.03507115800031248-0.04965411449782815*I,0.03632989448637621-0.04906930925600793*I,0.009012313952530483+0.0002469003597879197*I,0.00900693560386477,-0.03426407890464366-0.05004207803181534*I,0.07014443484329433+0.34135605000188657*I,-0.03507115800031243+0.049654114497828174*I,-0.03426407890464364+0.05004207803181527*I,0.49096474698330006
0.48957665583661714,0.03907618661722484+0.05046900793797682*I,0.04162344776553071+0.04913549330427076*I,0.009077131488110677-0.32471758256969063*I,0.03907618661722485-0.05046900793797659*I,0.010473121738184566,0.010433394687528462-0.00032337837272900595*I,-0.03984246428869172-0.050060376471048024*I,0.04162344776553082-0.04913549330427071*I,0.010433394687528479+0.0003233783727290071*I,0.010423344163344027,-0.039076186617256786-0.05046900793838985*I,0.009077131488110382+0.3247175825696909*I,-0.03984246428869164+0.05006037647104825*I,-0.03907618661725668+0.05046900793838992*I,0.48952687826169133
0.4880367290762335,0.0439929381895256+0.049933196252418516*I,0.047089526573213504+0.04812572172573273*I,-0.05350421510159922-0.2948364414669002*I,0.04399293818952568-0.049933196252418634*I,0.012050065104940891,0.01198175252095299-0.00041518109967813167*I,-0.04461150858438726-0.049571134997542204*I,0.047089526573213365-0.04812572172573272*I,0.011981752520953045+0.00041518109967813026*I,0.01196327092375401,-0.04399293818945212-0.04993319625284013*I,-0.053504215101599625+0.2948364414668999*I,-0.04461150858438722+0.04957113499754218*I,-0.04399293818945208+0.049933196252840144*I,0.4879499348949225
0.48640383759873906,0.04873805777195136+0.04824292007640549*I,0.05243766212617551+0.04582637324207853*I,-0.11415902133001195-0.2493326478023409*I,0.04873805777195143-0.04824292007640539*I,0.01374594614708979,0.013629529977748078-0.0005204704152546487*I,-0.049062671343569224-0.048051456011850555*I,0.052437662126175434-0.04582637324207848*I,0.013629529977748083+0.0005204704152546484*I,0.013596162401226517,-0.048738057771805364-0.04824292007675106*I,-0.11415902133001202+0.24933264780234113*I,-0.04906267134356944+0.048051456011850395*I,-0.04873805777180539+0.04824292007675113*I,0.48625405385275056
0.4847268865528493,0.0529160947182689+0.0452584065717919*I,0.0572427673197683+0.0420809469378189*I,-0.16796753015258203-0.18650029011599015*I,0.052916094718268865-0.04525840657179207*I,0.015528263453010416,0.015332082871596089-0.0006342312408076298*I,-0.05276976004889124-0.04544172042246355*I,0.057242767319768115-0.042080946937818976*I,0.015332082871596058+0.0006342312408076299*I,0.015273113447042706,-0.05291609471814066-0.045258406571998776*I,-0.16796753015258234+0.18650029011598998*I,-0.052769760048891154+0.045441720422463396*I,-0.052916094718140766+0.045258406571998845*I,0.4844717365467996
0.48307447039770474,0.05600321169963316+0.04095200649496634*I,0.06093066073805878+0.03685839542331969*I,-0.20844402531699668-0.10606267244706617*I,0.05600321169963328-0.040952006494966414*I,0.017353174118968032,0.017027132154291986-0.0007477220195096552*I,-0.05520627152181264-0.04181450450313998*I,0.060930660738058834-0.03685839542331962*I,0.017027132154292034+0.0007477220195096551*I,0.016925529602099906,-0.05600321169964221-0.040952006495051485*I,-0.2084440253169968+0.1060626724470662*I,-0.05520627152181256+0.04181450450314018*I,-0.05600321169964236+0.040952006495051416*I,0.48264682588081936
0.48153170701331455,0.057362612002193544+0.03548994017135617*I,0.06278900291425388+0.03034727978343767*I,-0.22778180986034882-0.010184301064317529*I,0.057362612002193385-0.03548994017135612*I,0.019170784932007762,0.01863806468974757-0.0008493129422341568*I,-0.05578806992673342-0.03743941041182204*I,0.06278900291425389-0.03034727978343747*I,0.018638064689747633+0.0008493129422341587*I,0.018468292986477123,-0.05736261200241009-0.035489940171443406*I,-0.22778180986034852+0.010184301064317409*I,-0.0557880699267335+0.03743941041182186*I,-0.05736261200240996+0.035489940171443225*I,0.4808292150677656
0.48018884080160495,0.056304079335015716+0.029329307928253952*I,0.062025036037679+0.023069815264246046*I,-0.21767669747684676+0.09535645132355017*I,0.056304079335015605-0.029329307928253896*I,0.02093693444994392,0.020084350418237067-0.0009280402495614388*I,-0.05395992160936877-0.03284123079629444*I,0.062025036037679046-0.023069815264246105*I,0.020084350418237137+0.0009280402495614395*I,0.019811159198340304,-0.056304079335370974-0.029329307928517415*I,-0.217676697476847-0.09535645132355001*I,-0.05395992160936885+0.03284123079629458*I,-0.056304079335370974+0.02932930792851738*I,0.4790630655498236
0.479116958208342,0.052210488293539734+0.02330974499609953*I,0.0578956176944121+0.01599432121882735*I,-0.17100352109577613+0.20011628474052914*I,0.05221048829353963-0.023309744996099432*I,0.022633346387114492,0.021302400211577942-0.0009809789849452638*I,-0.049327260135845874-0.02882759988248361*I,0.05789561769441212-0.01599432121882722*I,0.021302400211577983+0.0009809789849452675*I,0.020883041791916218,-0.052210488293832215-0.023309744996603342*I,-0.17100352109577607-0.20011628474052923*I,-0.0493272601358458+0.028827599882483575*I,-0.052210488293832284+0.023309744996603474*I,0.4773666536126349
0.478326477372834,0.044749180468950864+0.018696822814758287*I,0.04993043311019915+0.010600281571113528*I,-0.08452831565118743+0.2886153713344016*I,0.04474918046895089-0.018696822814758225*I,0.024296628971271904,0.02227943519202566-0.0010236226776606596*I,-0.04181334124741056-0.02645929488964908*I,0.04993043311019931-0.010600281571113509*I,0.022279435192025524+0.0010236226776606588*I,0.02167352262769343,-0.044749180469039536-0.01869682281532516*I,-0.08452831565118778-0.2886153713344019*I,-0.04181334124741059+0.026459294889649227*I,-0.04474918046903955+0.018696822815325094*I,0.47570337102841503
0.4777073174604073,0.03416321615683442+0.017107211671074797*I,0.03824631496667932+0.008820624868764669*I,0.037489218879252856+0.34150981234423894*I,0.03416321615683445-0.017107211671074485*I,0.026054198506389157,0.023100265498925576-0.0010976112369821512*I,-0.03179572872512934-0.02695007479866166*I,0.038246314966679226-0.008820624868764589*I,0.023100265498925673+0.0010976112369821497*I,0.022292682540034227,-0.03416321615689347-0.017107211671421485*I,0.037489218879252564-0.3415098123442396*I,-0.03179572872512941+0.02695007479866165*I,-0.03416321615689349+0.017107211671421534*I,0.4739458014931917
0.4769579784063898,0.02158562590491994+0.0202263514064112*I,0.023899108055590142+0.012764192927088707*I,0.1796243567223322+0.33932943815186883*I,0.02158562590491996-0.020226351406411033*I,0.028162988870769477,0.0240017441315301-0.001262673744445384*I,-0.020169267797556793-0.03151784622046773*I,0.02389910805559015-0.012764192927088561*I,0.024001744131530178+0.001262673744445378*I,0.023042021593578807,-0.021585625905329683-0.02022635140655909*I,0.17962435672233193-0.33932943815186867*I,-0.020169267797556824+0.03151784622046771*I,-0.021585625905329642+0.020226351406558853*I,0.4718370111287029
0.47552566500819815,0.009234449246458326+0.02924539788421761*I,0.009137398930682552+0.024134867502772907*I,0.3133819858118358+0.26946500883427105*I,0.009234449246458332-0.029245397884217587*I,0.031046655297258183,0.02542221525233809-0.0015553163768988966*I,-0.008336013189914865-0.041238968134256954*I,0.009137398930682494-0.024134867502772776*I,0.02542221525233808+0.0015553163768988933*I,0.024474334991530032,-0.009234449247185725-0.029245397884568102*I,0.31338198581183624-0.2694650088342712*I,-0.008336013189914851+0.0412389681342569*I,-0.009234449247185732+0.02924539788456805*I,0.4689533447021854
0.47259933382148606,0.0002467281783443293+0.044037485013963*I,-0.0026697142211877735+0.04335023672858273*I,0.39991872159814984+0.1358174550758044*I,0.00024672817834433543-0.04403748501396275*I,0.035327511701409624,0.02802403387088655-0.0019110794070746019*I,0.0017532063857569565-0.056898911490399606*I,-0.0026697142211877588-0.043350236728582826*I,0.028024033870886592+0.0019110794070745945*I,0.0274006661787896,-0.0002467281787863426-0.04403748501458834*I,0.3999187215981511-0.13581745507580437*I,0.001753206385756953+0.05689891149039988*I,-0.0002467281787863489+0.04403748501458822*I,0.4646724882981545
0.467213314417336,-0.002138069661133777+0.0623036393497439*I,-0.007704235686390028+0.06855204053967143*I,0.40048760204962375-0.03195612695389452*I,-0.0021380696611338146-0.062303639349744436*I,0.041836884245179846,0.03265541356150928-0.0021002500104139858*I,0.007321460856464949-0.07858070173805252*I,-0.007704235686389988-0.0685520405396709*I,0.032655413561509465+0.0021002500104139754*I,0.03278668558318845,0.0021380696610368787-0.06230363935012557*I,0.4004876020496243+0.03195612695389405*I,0.007321460856464934+0.07858070173805247*I,0.0021380696610368314+0.06230363935012571*I,0.45816311575460533
0.4585116064364389,0.0037989638214670956+0.0792392852871774*I,-0.003150165864847674+0.09498342655976537*I,0.29588411186326286-0.17602132080311772*I,0.0037989638214669832-0.0792392852871772*I,0.05153152318894536,0.0402006752629847-0.0018096555223690782*I,0.004456623718518622-0.10439416626021394*I,-0.003150165864847672-0.09498342655976562*I,0.040200675262984674+0.0018096555223690754*I,0.041488393563015286,-0.003798963821949701-0.07923928528742732*I,0.29588411186326274+0.17602132080311764*I,0.004456623718518633+0.10439416626021426*I,-0.0037989638219497585+0.07923928528742728*I,0.4484684768109814
0.4461625511154299,0.016159578169347898+0.08857041995723625*I,0.010748694318510494+0.11549759226609443*I,0.11083306539506677-0.22401078932338822*I,0.016159578169347835-0.08857041995723619*I,0.06513684799342977,0.051251283022482004-0.0010096277468261436*I,-0.010852334836997529-0.12809097762932137*I,0.01074869431851048-0.11549759226609456*I,0.051251283022482205+0.0010096277468261735*I,0.05383744888441224,-0.01615957816993326-0.08857041995785978*I,0.11083306539506595+0.22401078932338805*I,-0.010852334836997539+0.12809097762932067*I,-0.0161595781699333+0.08857041995785976*I,0.4348631520063774
0.4307729356087794,0.02813849212506437+0.08570475867056004*I,0.028942157093395787+0.12301189403935643*I,-0.07083464104765842-0.1267424154309003*I,0.0281384921250644-0.08570475867056032*I,0.08233151726580248,0.06557121999390074-0.00045911432422809684*I,-0.03797100340365328-0.1377625807463047*I,0.02894215709339581-0.12301189403935622*I,0.06557121999390078+0.0004591143242280755*I,0.06922706439191492,-0.028138492125269737-0.0857047586709694*I,-0.07083464104765815+0.1267424154309002*I,-0.03797100340365324+0.13776258074630482*I,-0.028138492125269754+0.08570475867096972*I,0.417668482733774
0.4139536269038406,0.029901368568272222+0.07251402098815106*I,0.042147135377272785+0.11493260244866915*I,-0.12721362473777784+0.08509634022822359*I,0.029901368568272302-0.07251402098815088*I,0.10082234394620279,0.08160607791914398-0.0015866611526447548*I,-0.06398699737078661-0.12201256735543933*I,0.04214713537727282-0.11493260244866925*I,0.08160607791914476+0.0015866611526447127*I,0.08604637309532884,-0.029901368568555898-0.07251402098857283*I,-0.1272136247377784-0.0850963402282242*I,-0.06398699737078659+0.12201256735543907*I,-0.029901368568555874+0.07251402098857268*I,0.3991776560533501
0.3976270393670076,0.01571451580385079+0.06025469304752464*I,0.04213860094049661+0.09714047486631618*I,0.017464061847386716+0.26495633666461393*I,0.015714515803850835-0.06025469304752472*I,0.11695450603970207,0.09693340860505709-0.004908564423241802*I,-0.06528577324326054-0.08754535904191355*I,0.04213860094049659-0.09714047486631612*I,0.09693340860505709+0.004908564423241811*I,0.10237296063355586,-0.01571451580414179-0.060254693047996466*I,0.017464061847387018-0.26495633666461404*I,-0.06528577324326072+0.08754535904191345*I,-0.015714515804141786+0.06025469304799658*I,0.38304549395989734
0.38266913559024784,-0.006095521263010981+0.0638129391959589*I,0.031031629014372227+0.08181751692206321*I,0.26866324239486417+0.2168262304855519*I,-0.00609552126301093-0.06381293919595848*I,0.12957337640249522,0.11061622697379593-0.008359213121152634*I,-0.03595891534380697-0.06810241599575831*I,0.031031629014372297-0.08181751692206347*I,0.11061622697379646+0.008359213121152651*I,0.11733086440907593,0.006095521262716637-0.06381293919651551*I,0.26866324239486405-0.2168262304855519*I,-0.035958915343807+0.06810241599575882*I,0.006095521262716595+0.06381293919651564*I,0.37042662359706674
0.36827380792433984,-0.01225997924715465+0.08376495939845294*I,0.025201190693015837+0.07464672855157331*I,0.34058621585231336-0.08621980867032127*I,-0.012259979247154568-0.08376495939845305*I,0.14318780611204282,0.12516225548001308-0.009776445736163701*I,-0.016727267265754582-0.08218171835079573*I,0.02520119069301579-0.07464672855157295*I,0.125162255480013+0.009776445736163706*I,0.1317261920758832,0.012259979246778498-0.08376495939890227*I,0.3405862158523135+0.08621980867032136*I,-0.016727267265754558+0.08218171835079566*I,0.012259979246778513+0.08376495939890238*I,0.35681219388760127
0.35414758740695645,0.012042949780252499+0.09212775693796352*I,0.03843106495410911+0.061634552077008915*I,0.04261379258066926-0.3138244964109113*I,0.012042949780252521-0.09212775693796338*I,0.1605586075433071,0.14180604936533947-0.011197972545477095*I,-0.03669491647945576-0.08038120050436771*I,0.03843106495410909-0.061634552077008915*I,0.1418060493653388+0.011197972545477114*I,0.14585241259284715,-0.01204294978008527-0.09212775693830952*I,0.042613792580669246+0.3138244964109115*I,-0.036694916479455685+0.08038120050436802*I,-0.012042949780085271+0.09212775693830999*I,0.3394413924564085
0.3440535233997062,0.03998431864527505+0.058473446604290186*I,0.0523532844448822+0.02602357931143303*I,-0.294720433471329-0.08786461623505779*I,0.03998431864527502-0.05847344660429023*I,0.17367046520920246,0.15374159230693724-0.01227565254531168*I,-0.03485836835281943-0.03595394048121361*I,0.05235328444488206-0.026023579311432964*I,0.15374159230693646+0.012275652545311579*I,0.1559464765999921,-0.03998431864541237-0.05847344660479303*I,-0.2947204334713286+0.08786461623505765*I,-0.03485836835281948+0.03595394048121376*I,-0.03998431864541231+0.05847344660479301*I,0.3263295347903989
0.342407372705083,0.025992186494169+0.008453308852928387*I,0.03193384559048581-0.006736712769866395*I,-0.11466667131158698+0.2871969037693799*I,0.025992186494168953-0.008453308852928401*I,0.17993470043267812,0.155824669395236-0.008125549436092982*I,0.0015785278732638277-0.025357672075162038*I,0.03193384559048582+0.006736712769866385*I,0.15582466939523568+0.008125549436093041*I,0.15759262729530538,-0.02599218649450123-0.008453308852950637*I,-0.11466667131158687-0.28719690376937973*I,0.0015785278732639257+0.025357672075161902*I,-0.02599218649450124+0.008453308852950545*I,0.3200652995670368
0.3428800921176283,-0.006044691456875461+0.0022687120999885916*I,-0.002126402967172084+0.012870182575819105*I,0.27554656845012404+0.09268424709216125*I,-0.006044691456875505-0.002268712099988623*I,0.18839141613013094,0.15457087697567223-0.007724715561949088*I,-0.0012921875809777062-0.0326334130145166*I,-0.0021264029671721114-0.01287018257581926*I,0.15457087697567265+0.007724715561949238*I,0.15711990788232724,0.0060446914567977615-0.0022687121002561315*I,0.2755465684501241-0.0926842470921611*I,-0.0012921875809776748+0.03263341301451646*I,0.006044691456797813+0.0022687121002561202*I,0.3116085838694637
0.3324031434434277,0.015513299440860152+0.009458327078520184*I,0.018249634173819935+0.05157198457198084*I,0.013754418232798268-0.2807418332501543*I,0.015513299440860261-0.009458327078520219*I,0.19630386683343487,0.15511464431795793-0.009394383402853403*I,-0.007983092515195581-0.024029622752902182*I,0.01824963417381989-0.051571984571980964*I,0.15511464431795755+0.009394383402853299*I,0.1675968565561573,-0.015513299441072756-0.009458327079003355*I,0.013754418232798257+0.2807418332501547*I,-0.00798309251519557+0.024029622752902116*I,-0.0155132994410728+0.009458327079003355*I,0.3036961331661408
0.31989102728215146,0.03826820085035972-0.046783835593952425*I,0.06661992422310181+0.01007009224813455*I,-0.2548490603303177+0.10850767255494428*I,0.03826820085035975+0.046783835593952376*I,0.2026025416491931,0.15660799468258776-0.0011354741205983237*I,-0.05198675353889816-0.001867267692293369*I,0.06661992422310162-0.010070092248134552*I,0.15660799468258801+0.001135474120598385*I,0.18010897271777326,-0.03826820085053176+0.04678383559340202*I,-0.254849060330317-0.10850767255494466*I,-0.05198675353889808+0.0018672676922933135*I,-0.03826820085053178-0.046783835593402254*I,0.2973974583504384
0.33132182158139917,-0.0027454400512216593-0.0749861475345087*I,0.05398616938643791-0.06675880925083184*I,0.2563723146241043+0.15542264543346676*I,-0.0027454400512216407+0.07498614753450886*I,0.18837993721126248,0.14371718750556794+0.0027935294707276187*I,-0.044997254418372185+0.07301153655779248*I,0.0539861693864378+0.06675880925083179*I,0.14371718750556847-0.0027935294707276113*I,0.1686781784186063,0.0027454400511766706+0.07498614753418369*I,0.25637231462410476-0.15542264543346684*I,-0.04499725441837223-0.07301153655779247*I,0.002745440051176641-0.07498614753418335*I,0.3116200627884218
0.36280166151282933,0.01696546496363864-0.05882992693408937*I,0.044906278974372674-0.08811734290481817*I,0.003047816858503992-0.23125520956715484*I,0.016965464963638634+0.058829926934089116*I,0.15654005740275495,0.1178347909284647+0.004914128957875805*I,-0.03784671716216862+0.09414501454271039*I,0.044906278974372715+0.08811734290481786*I,0.11783479092846487-0.004914128957875804*I,0.1371983384864784,-0.016965464963757563+0.05882992693398623*I,0.0030478168585039937+0.23125520956715528*I,-0.03784671716216864-0.09414501454271054*I,-0.016965464963757573-0.058829926933986094*I,0.3434599425967325
0.4027227768656929,0.012506008016840582-0.10083959451043463*I,0.04261618200183725-0.09483872108653682*I,0.03738631129356362+0.2579849890740534*I,0.012506008016840554+0.10083959451043406*I,0.11294082824865866,0.07752082412739396+0.007404920362266192*I,-0.0044453994812859625+0.08837093057862819*I,0.042616182001837345+0.0948387210865369*I,0.07752082412739375-0.007404920362266145*I,0.0972772231342822,-0.012506008017184133+0.10083959450998478*I,0.03738631129356365-0.2579849890740543*I,-0.004445399481285974-0.0883709305786284*I,-0.012506008017184139-0.10083959450998413*I,0.3870591717510147
0.43505705188865956,-0.006600318889649324-0.0487779119939148*I,0.03181709148947504-0.03133836957338851*I,0.2541383451341654-0.2239763349336743*I,-0.00660031888964935+0.04877791199391495*I,0.07906091198539247,0.03722281775821027-0.0015098531406208928*I,-0.029230141524828765+0.07059761387167252*I,0.03181709148947483+0.031338369573388314*I,0.037222817758210076+0.0015098531406209008*I,0.06494294811115524,0.006600318889330126+0.04877791199339308*I,0.25413834513416506+0.22397633493367428*I,-0.029230141524828716-0.07059761387167246*I,0.006600318889330192-0.048777911993393035*I,0.42093908801416885
0.44504894057415323,0.013959619076120686-0.06319240114272527*I,0.08886887168473515-0.031683144914724376*I,-0.020074018923685474+0.2467469146436076*I,0.013959619076120658+0.06319240114272552*I,0.051975369930458246,0.013175301517498014+0.007180582521659916*I,-0.039713231349444565+0.02966942657686049*I,0.08886887168473516+0.03168314491472445*I,0.01317530151749792-0.007180582521659914*I,0.05495105942599696,-0.013959619076309156+0.06319240114232295*I,-0.020074018923685513-0.24674691464360804*I,-0.03971323134944459-0.029669426576860516*I,-0.013959619076309113-0.06319240114232302*I,0.44802463006911813
0.4590463592473632,-0.015952817423185633+0.012404723378471996*I,0.05481801590818481+0.008677839886164091*I,0.2331083909961003-0.17148785654192936*I,-0.01595281742318566-0.012404723378471995*I,0.03719183382055432,-0.0009055932044583264-0.0048308339099056375*I,-0.035448941571422594+0.015653521575794985*I,0.05481801590818482-0.00867783988616407*I,-0.0009055932044583222+0.004830833909905648*I,0.04095364075249913,0.015952817422784663-0.012404723378806406*I,0.2331083909961008+0.1714878565419296*I,-0.03544894157142279-0.015653521575795033*I,0.015952817422784784+0.012404723378806425*I,0.4628081661791579
0.4393678505694299,-0.02397111398473169+0.03288708537844893*I,0.059907057522298475+0.034911268283192534*I,0.24397795827092983+0.2041576707743633*I,-0.023971113984731868-0.03288708537844915*I,0.052953396241850234,0.021502264090716327-0.013131779538739837*I,-0.02895696077551589-0.06141506628929578*I,0.05990705752229841-0.03491126828319272*I,0.021502264090716254+0.013131779538739915*I,0.060632149430816865,0.02397111398461041-0.03288708537903723*I,0.24397795827092983-0.20415767077436367*I,-0.02895696077551589+0.06141506628929609*I,0.023971113984610357+0.03288708537903715*I,0.4470466037577346
0.3972979269698694,0.010317678926533198+0.07279204034229494*I,0.06223790790519518+0.08252647478523352*I,-0.15901691823822323-0.02567006566599839*I,0.01031767892653322-0.07279204034229496*I,0.10137007278777259,0.07354430822613729-0.031154612650106973*I,-0.029098878743293862-0.06935007631540924*I,0.062237907905195414-0.08252647478523367*I,0.07354430822613738+0.031154612650106925*I,0.1027020730297608,-0.010317678926672777-0.07279204034246982*I,-0.15901691823822384+0.025670065665998384*I,-0.0290988787432938+0.06935007631540922*I,-0.010317678926672763+0.07279204034247008*I,0.3986299272116994
0.3394148791099333,-0.007974305548705972+0.06680891981208766*I,0.04354204598559095+0.09306733828552148*I,0.1072828617258024-0.16288904993554656*I,-0.007974305548705955-0.06680891981208752*I,0.15451323934085712,0.11780075021762078-0.04620456065794483*I,-0.004103114836444119-0.06674546663522485*I,0.04354204598559083-0.09306733828552113*I,0.11780075021762063+0.046204560657944795*I,0.16058512089009014,0.0079743055483597-0.06680891981219328*I,0.10728286172580208+0.1628890499355466*I,-0.0041031148364441385+0.06674546663522479*I,0.007974305548359647+0.06680891981219339*I,0.34548676065865636
0.310333358839445,-0.0017582843211158853+0.00524146301541777*I,0.02627726782440063-0.03122627032513527*I,0.18519362059524047-0.013051647711740345*I,-0.0017582843211158836-0.005241463015417772*I,0.20374014273129004,0.16291957914865043-0.036824755974991186*I,-0.03199308145152523-0.022563114925072056*I,0.026277267824400662+0.031226270325135353*I,0.16291957914865093+0.03682475597499135*I,0.189666641160467,0.001758284320478963-0.005241463016086214*I,0.1851936205952403+0.013051647711739923*I,-0.031993081451525116+0.022563114925071934*I,0.0017582843204789688+0.005241463016086204*I,0.2962598572683367
0.33466394856220777,0.015143983396133149-0.07346761611600068*I,0.0257610781906813-0.042579151132970304*I,0.14413379352045688+0.11706000865518336*I,0.015143983396133168+0.07346761611600106*I,0.1741109794014381,0.14158266769362596-0.02354954123104356*I,-0.011534615732542962+0.07525868372536891*I,0.025761078190681286+0.042579151132970366*I,0.14158266769362648+0.023549541231043573*I,0.1653360514376656,-0.015143983396496906+0.07346761611552428*I,0.14413379352045722-0.11706000865518354*I,-0.01153461573254298-0.07525868372536887*I,-0.015143983396496892-0.07346761611552441*I,0.32588902059824604
0.39640815165740195,0.01816917501778066-0.1002993151554457*I,0.04125642021165152-0.11921291518197034*I,0.19205183589668848+0.14208320810420516*I,0.018169175017780585+0.10029931515544575*I,0.10858167581007078,0.07255580145931162-0.000582836728097392*I,-0.04495970452686181+0.08484916170261975*I,0.0412564202116515+0.11921291518197047*I,0.0725558014593121+0.000582836728097417*I,0.10359184834171188,-0.018169175017915734+0.10029931515496664*I,0.1920518358966885-0.14208320810420533*I,-0.04495970452686182-0.08484916170262065*I,-0.018169175017915797-0.1002993151549668*I,0.39141832418952294
0.46629570129448367,-0.0009012294805674863-0.041442181295839084*I,0.03276243410416681-0.0387651584383739*I,0.2544078389601979+0.07242955798909768*I,-0.0009012294805674667+0.041442181295839105*I,0.031219361140260384,0.00984918397897812+0.0032220746737027916*I,-0.03506586000566654+0.039393882476968595*I,0.03276243410416688+0.03876515843837378*I,0.0098491839789781-0.0032220746737027938*I,0.03370429870561907,0.0009012294803955603+0.04144218129507982*I,0.2544078389601966-0.07242955798909755*I,-0.035065860005666444-0.03939388247696832*I,0.0009012294803955639-0.04144218129507981*I,0.46878063885960825
0.4495836255593473,-0.016366299273201906+0.043131091480900476*I,0.02241960956900762+0.05677590308231105*I,0.21769484271885212-0.015352752708782853*I,-0.016366299273201802-0.04313109148090056*I,0.04540353074649871,0.025126661807545293-0.016195064171242723*I,-0.0262768309036562-0.03693249933616743*I,0.02241960956900763-0.056775903082311306*I,0.025126661807545376+0.016195064171242685*I,0.05041637443998655,0.016366299272490628-0.043131091480866045*I,0.21769484271885217+0.015352752708782814*I,-0.026276830903656134+0.03693249933616736*I,0.016366299272490614+0.0431310914808662*I,0.45459646925274927
0.37772612615876006,0.0034516867477448177+0.05529743538374312*I,0.009360387249091322+0.06619316369887243*I,-0.033007488533290275-0.032164725963952354*I,0.0034516867477449227-0.055297435383743376*I,0.15080947355923235,0.11010363613985043-0.03508571165333753*I,-0.04122185485131737-0.04780152869385509*I,0.009360387249091317-0.06619316369887247*I,0.110103636139851+0.03508571165333741*I,0.12227387384099944,-0.0034516867479823903-0.05529743538411587*I,-0.03300748853328974+0.03216472596395232*I,-0.04122185485131746+0.047801528693855*I,-0.0034516867479823733+0.055297435384115946*I,0.3491905264404602
0.3379166231279741,0.019448289729947336-0.03623271936776595*I,0.03278937362086115-0.06311851378327873*I,0.045253099213133974+0.015383806052962624*I,0.01944828972994735+0.036232719367766224*I,0.18931441042107003,0.14100113578985907-0.029848687313436453*I,-0.04374095166738765+0.00013303510976278633*I,0.03278937362086117+0.0631185137832787*I,0.14100113578985765+0.029848687313436307*I,0.16208337687233043,-0.019448289730039207+0.0362327193670347*I,0.045253099213134355-0.015383806052962632*I,-0.04374095166738766-0.0001330351097627564*I,-0.019448289730039255-0.0362327193670347*I,0.3106855895785304
0.4284774049808255,0.031034205205849402-0.0687754956715062*I,0.04817461655141299-0.05949233419794811*I,0.06803204647476167+0.049759476484344256*I,0.031034205205849465+0.06877549567150645*I,0.07821424042003756,0.04738204500563813-0.0018936463959848934*I,-0.016771961013161096+0.06086292571608645*I,0.04817461655141304+0.059492334197947846*I,0.047382045005638126+0.0018936463959849078*I,0.07152259501918713,-0.031034205205722795+0.06877549567128421*I,0.068032046474762-0.049759476484344096*I,-0.01677196101316109-0.06086292571608639*I,-0.031034205205722643-0.0687754956712843*I,0.4217857595796251
0.45928608194719756,0.010601074383616585+0.046628745695585866*I,0.046733004395898024+0.0324875116533877*I,0.03698187210391759-0.033800043931265344*I,0.010601074383616696-0.04662874569558579*I,0.048543966587167,0.024244070452438496-0.009427517337938474*I,-0.04715421819918965-0.04320466069958034*I,0.04673300439589799-0.03248751165338762*I,0.02424407045243859+0.009427517337938502*I,0.0407139180525432,-0.010601074384110926-0.04662874569588346*I,0.036981872103918054+0.03380004393126553*I,-0.047154218199189794+0.043204660699580504*I,-0.010601074384110926+0.04662874569588341*I,0.45145603341227347
0.347870538553439,0.006682845337457308+0.04907443813930987*I,0.029068825366101926+0.03214805654451786*I,-0.010413721256470835-0.13586966703404577*I,0.006682845337457358-0.049074438139309534*I,0.1866774046876408,0.1427190930930258-0.032849691256179356*I,-0.05314220112070072-0.06297571554155183*I,0.02906882536610188-0.03214805654451793*I,0.14271909309302616+0.032849691256179266*I,0.15212946144664774,-0.006682845338028714-0.04907443813971811*I,-0.010413721256470833+0.13586966703404596*I,-0.053142201120700686+0.06297571554155185*I,-0.0066828453380287055+0.04907443813971797*I,0.31332259531190815
0.3972191843216644,0.0331100332529955-0.06109067489142594*I,0.03457267223636377-0.061857664269623254*I,-0.013412022624274399-0.14213276865366709*I,0.033110033252995455+0.06109067489142566*I,0.13433743673469495,0.08821092956204794-0.006981370121210695*I,-0.05371649403576597+0.082521000056526*I,0.034572672236363726+0.0618576642696235*I,0.08821092956204812+0.0069813701212107435*I,0.10278081567838224,-0.03311003325345925+0.0610906748910879*I,-0.013412022624274293+0.142132768653667*I,-0.053716494035766095-0.08252100005652613*I,-0.03311003325345926-0.06109067489108806*I,0.36566256326497154
0.441849900334037,0.011770830497839451+0.03885499807047216*I,0.05684877415436458+0.04276516866042523*I,-0.0670423483038359+0.1353822096994659*I,0.01177083049783946-0.03885499807047241*I,0.03896697259710761,0.022091373890695744-0.011001205937069101*I,-0.03085029617168564-0.018667881233637378*I,0.05684877415436467-0.04276516866042522*I,0.022091373890695775+0.011001205937069155*I,0.05815009966668471,-0.011770830498225068-0.03885499807061891*I,-0.0670423483038355-0.13538220969946588*I,-0.030850296171685727+0.01866788123363748*I,-0.011770830498225035+0.038854998070619116*I,0.4610330274026176
0.3070707902715115,-0.010490806820066922-0.0022541259231278997*I,0.004394448458559599+0.0028960807363302464*I,0.23941436531381927-0.014364502196887802*I,-0.010490806820066955+0.002254125923127927*I,0.1922816589901556,0.1584490172843041-0.0353751969111738*I,0.002438702544197884-0.022757574241845865*I,0.004394448458559573-0.0028960807363302282*I,0.15844901728430438+0.03537519691117354*I,0.19292920972816544,0.010490806819490148+0.0022541259221385917*I,0.23941436531381938+0.01436450219688771*I,0.0024387025441979155+0.02275757424184587*I,0.010490806819490108-0.002254125922138589*I,0.3077183410094085
0.44802358106692586,0.025845172254861593-0.06678002393305871*I,0.05274104924841507-0.04942800497778862*I,0.024636290275525847+0.2864106984269261*I,0.02584517225486167+0.06678002393305835*I,0.043561380750253634,0.018687690812004467+0.004456497523373197*I,-0.047114126562350596+0.05998131469079079*I,0.05274104924841487+0.049428004977788764*I,0.01868769081200447-0.004456497523373211*I,0.05197641893323077,-0.025845172254477484+0.06678002393301936*I,0.024636290275526003-0.28641069842692657*I,-0.0471141265623505-0.05998131469079064*I,-0.02584517225447748-0.06678002393301921*I,0.4564386192492139
0.334410336745209,0.00938909054873211+0.032248555712093965*I,0.0611000847560554+0.04955332221714241*I,-0.13419085541920975+0.1748765429207827*I,0.00938909054873203-0.03224855571209368*I,0.17651109734464274,0.13518549024421278-0.05080968346747728*I,-0.045247222418648904-0.05243064930888323*I,0.06110008475605532-0.04955332221714215*I,0.13518549024421378+0.05080968346747762*I,0.16558966325494842,-0.009389090548993242-0.032248555712382*I,-0.13419085541920958-0.17487654292078267*I,-0.045247222418648925+0.052430649308883345*I,-0.009389090548993189+0.03224855571238175*I,0.32348890265477337
0.4415904483318308,0.009700130173939444-0.03921404812720175*I,0.03632312674058888-0.039935474447078026*I,0.26613616332034323+0.14913269973876658*I,0.009700130173939366+0.03921404812720151*I,0.0655312197604863,0.02669039169912153-0.0006506595422087259*I,-0.038227308863863246+0.04214273742504199*I,0.0363231267405889+0.03993547444707808*I,0.026690391699121588+0.0006506595422087132*I,0.05840955166819996,-0.00970013017407485+0.03921404812655533*I,0.2661361633203438-0.1491326997387663*I,-0.03822730886386324-0.04214273742504216*I,-0.009700130174074882-0.039214048126555386*I,0.43446878023915325
0.3290138672636193,0.026382851056404272-0.010556479575022013*I,0.04086308479775114+0.00541693557210729*I,-0.096387161745759-0.06360160161148797*I,0.02638285105640424+0.010556479575021949*I,0.18683186801716786,0.13984675310174563-0.03960898369056981*I,0.002181319112020203+0.0052209302597908906*I,0.04086308479775097-0.0054169355721072916*I,0.1398467531017461+0.03960898369056954*I,0.1709861327358712,-0.026382851056464887+0.010556479574819394*I,-0.0963871617457589+0.06360160161148794*I,0.0021813191120202136-0.0052209302597909565*I,-0.02638285105646487-0.010556479574819363*I,0.3131681319824661
0.4269345702333763,-0.010407409547428859+0.05573979963913871*I,0.029304151493026724+0.06756117942000198*I,0.12043167538988767+0.00403664133107633*I,-0.010407409547428725-0.05573979963913895*I,0.06074125634344288,0.04288903111964066-0.00791099928151735*I,-0.03310483587900337-0.04996388873575984*I,0.029304151493026665-0.0675611794200022*I,0.04288903111964073+0.007910999281517353*I,0.0730654297660182,0.010407409547060707-0.055739799639551606*I,0.1204316753898875-0.004036641331076359*I,-0.033104835879003223+0.04996388873576002*I,0.010407409547060674+0.055739799639551564*I,0.439258743656236
0.41219895776003734,0.0190716451125525-0.0577537571291512*I,0.04921623625593512-0.04031647347493987*I,0.15697727083632554+0.01254079558794225*I,0.019071645112552597+0.05775375712915126*I,0.08344497335399473,0.04077742656313054-0.01052434838174428*I,-0.015255105501531032+0.0598321234879076*I,0.04921623625593502+0.040316473474939975*I,0.04077742656313045+0.010524348381744333*I,0.08780104224080094,-0.0190716451126055+0.05775375712886849*I,0.15697727083632443-0.012540795587942048*I,-0.01525510550153102-0.05983212348790706*I,-0.01907164511260545-0.057753757128868585*I,0.4165550266455264
0.3242258411241313,0.021164028627279487-0.05369012025409289*I,0.023208488581992204-0.025179172221228355*I,0.04893533310436316+0.1568752842421507*I,0.02116402862727947+0.05369012025409298*I,0.16478493386509172,0.12805217684522632-0.04245845180533406*I,-0.008270760867523085+0.05124479445378825*I,0.02320848858199215+0.02517917222122838*I,0.12805217684522624+0.042458451805333856*I,0.17577415887588985,-0.02116402862752229+0.053690120253706106*I,0.048935333104363196-0.1568752842421514*I,-0.008270760867523066-0.051244794453788295*I,-0.02116402862752238-0.05369012025370622*I,0.33521506613453833
0.31002105067591906,-0.014983781363566238+0.016734915710524614*I,0.03613545382784331+0.019190377601815058*I,0.19763265070887837+0.07537914725314486*I,-0.014983781363566224-0.016734915710524732*I,0.18843370204472476,0.149578353435276-0.041236906053006006*I,-0.01682075494213302-0.04940269339382113*I,0.036135453827843285-0.019190377601815144*I,0.14957835343527642+0.04123690605300618*I,0.18997894932399054,0.014983781363254676-0.01673491571066576*I,0.19763265070887773-0.07537914725314482*I,-0.01682075494213305+0.04940269339382103*I,0.014983781363254685+0.016734915710665692*I,0.3115662979548945
0.3511480731054676,0.007089419909663715+0.042114838094429376*I,0.03739795366648295+0.05268881363894529*I,-0.12495859510844817+0.09861257165248827*I,0.007089419909663647-0.04211483809442946*I,0.14203014448695198,0.11752634820915023-0.027477750511196334*I,-0.02193345046545848-0.03643357373876902*I,0.03739795366648316-0.05268881363894512*I,0.11752634820915077+0.02747775051119636*I,0.14885192689484547,-0.00708941991028445-0.04211483809453083*I,-0.12495859510844844-0.09861257165248828*I,-0.02193345046545845+0.03643357373876901*I,-0.007089419910284444+0.042114838094531135*I,0.35796985551285604
0.34134620947375405,-0.004511008670072224+0.031274050681383364*I,0.04538124948007985+0.037333396184089485*I,0.04559706175212795+0.07498709979944511*I,-0.004511008670072267-0.03127405068138325*I,0.1558064254034701,0.11241180543101716-0.041015590967737395*I,-0.027174172648995566-0.08542631144136528*I,0.04538124948007985-0.0373333961840896*I,0.11241180543101771+0.04101559096773747*I,0.15865379052617984,0.004511008670364638-0.03127405068159364*I,0.0455970617521282-0.07498709979944472*I,-0.027174172648995597+0.0854263114413653*I,0.004511008670364759+0.03127405068159356*I,0.34419357459608074
0.30760329483769405,-0.005469733809020119+0.015382480255281258*I,0.020745867845250704+0.01699921750368185*I,0.08466338140692752-0.05632436270260325*I,-0.005469733809020188-0.015382480255281248*I,0.17322727933217988,0.13304321266395217-0.038337811824392456*I,0.010324063935654819-0.05621032375099074*I,0.02074586784525066-0.016999217503681982*I,0.13304321266395255+0.0383378118243924*I,0.19239670516226878,0.005469733809048424-0.015382480255552243*I,0.0846633814069276+0.05632436270260316*I,0.010324063935654808+0.05621032375099068*I,0.005469733809048423+0.01538248025555218*I,0.3267727206673735
0.3204693499399279,0.04354191855762309-0.07042658945211143*I,0.05140746755457436-0.043942065844984765*I,-0.10378960552812026+0.10046136756461888*I,0.04354191855762315+0.07042658945211168*I,0.15870647830379553,0.11999062579168078-0.024547691271495517*I,-0.05707212887253844+0.0744942038366055*I,0.05140746755457417+0.04394206584498484*I,0.11999062579168172+0.024547691271495403*I,0.17953065006006233,-0.04354191855817804+0.0704265894516039*I,-0.10378960552812035-0.10046136756461889*I,-0.057072128872538326-0.07449420383660531*I,-0.04354191855817809-0.07042658945160424*I,0.34129352169582017
0.4188356648405079,0.008884593412830478-0.01268803172390222*I,0.057122973116680804-0.02569147957111232*I,0.1684132665182187+0.14689290736962501*I,0.008884593412830499+0.012688031723902175*I,0.04535727938710212,0.021698699552917283-0.0002635328912234371*I,-0.028876562017850955-0.009580795120414739*I,0.05712297311668087+0.02569147957111223*I,0.02169869955291729+0.0002635328912234503*I,0.08116433516016475,-0.008884593412947726+0.012688031722929666*I,0.1684132665182179-0.14689290736962543*I,-0.028876562017850986+0.00958079512041479*I,-0.008884593412947731-0.01268803172292965*I,0.45464272061259925
0.3151165058398084,0.01194117622096557+0.005269554373152778*I,0.03879890040852646+0.008507849475410735*I,-0.0024090041504908413-0.019500363723925555*I,0.011941176220965612-0.005269554373152778*I,0.17511705686263623,0.13591210393823847-0.03978466445914826*I,-0.022874613044700662-0.024934215947381724*I,0.03879890040852646-0.008507849475410785*I,0.13591210393823844+0.039784664459148016*I,0.1848834941599645,-0.011941176221510775-0.0052695543735677836*I,-0.0024090041504906423+0.019500363723925714*I,-0.02287461304470069+0.024934215947381714*I,-0.011941176221510726+0.005269554373567781*I,0.3248829431368071
0.4194681026429526,-0.004157958317753959+0.022921964831679936*I,0.05771298147516201+0.011544990694761621*I,0.2100480085103344-0.09077518931747977*I,-0.004157958317753867-0.022921964831679843*I,0.057548549856073036,0.0265478780191781-0.004207262283397656*I,-0.0035707207861553807-0.0339541579024022*I,0.05771298147516211-0.011544990694761675*I,0.02654787801917807+0.00420726228339766*I,0.08053189735727882,0.004157958317604322-0.02292196483227816*I,0.21004800851033453+0.09077518931747945*I,-0.0035707207861554063+0.03395415790240239*I,0.0041579583176043575+0.02292196483227824*I,0.44245145014371706
0.3901033901772467,0.018910608323293932-0.04046055319820473*I,0.03364333502842078-0.04359595995302281*I,0.21295792928052068+0.03498839165507414*I,0.01891060832329393+0.04046055319820481*I,0.0879125022368822,0.04574268054145092-0.010696595760660984*I,-0.0248657777734237+0.04397397662345801*I,0.03364333502842083+0.04359595995302292*I,0.04574268054145092+0.010696595760660971*I,0.10989660982253413,-0.018910608323680998+0.04046055319782693*I,0.21295792928052037-0.034988391655074225*I,-0.024865777773423692-0.04397397662345784*I,-0.018910608323680942-0.04046055319782688*I,0.4120874977627432
0.35884164530823187,0.032454553113016406-0.056207379558498416*I,0.03967136151361968-0.06627317047973268*I,0.03332021406480817-0.006677207886420023*I,0.03245455311301637+0.05620737955849848*I,0.1231619821034427,0.07173919814573029-0.02303785906289292*I,-0.05286868490377861+0.04405828987129612*I,0.039671361513619746+0.06627317047973273*I,0.07173919814573039+0.02303785906289291*I,0.1411583546912471,-0.03245455311301719+0.05620737955822292*I,0.03332021406480813+0.006677207886420004*I,-0.05286868490377876-0.0440582898712961*I,-0.03245455311301716-0.05620737955822268*I,0.3768380178960906
0.3915141636906929,0.025228636766252838-0.02185499265605533*I,0.05957176714473698-0.006357634460119434*I,-0.01936405957800892-0.03197824869145233*I,0.02522863676625287+0.02185499265605538*I,0.0867508821210287,0.03539102153956306-0.0074617330489887305*I,-0.02900476135376081+0.02540819352562083*I,0.059571767144737275+0.0063576344601194035*I,0.035391021539563104+0.007461733048988731*I,0.10848583630935903,-0.025228636766920078+0.021854992655394305*I,-0.01936405957800923+0.03197824869145238*I,-0.029004761353760764-0.02540819352562098*I,-0.025228636766920096-0.02185499265539427*I,0.41324911787859897
0.36581499593868266,0.004910818547771758+0.042256897072612154*I,0.04985003825882362+0.04510814997039431*I,0.0194106152102057-0.010824406473859315*I,0.004910818547771806-0.042256897072612466*I,0.10134313022710909,0.06665486339751557-0.01370568101833909*I,-0.03949258266250832-0.06464296554454832*I,0.04985003825882362-0.04510814997039439*I,0.06665486339751596+0.013705681018339052*I,0.1341850040607175,-0.004910818548354647-0.04225689707312408*I,0.019410615210205595+0.010824406473860054*I,-0.03949258266250832+0.06464296554454849*I,-0.004910818548354554+0.04225689707312402*I,0.39865686977253273
0.36241040293637483,0.013687971612468751-0.04518661698540014*I,0.048587077336783635-0.030801094640128833*I,0.17915339514387826+0.04735217231430616*I,0.013687971612468756+0.04518661698539998*I,0.10640723830316215,0.04450275535226535-0.02894476042040097*I,-0.013049220854704984+0.044713461786893276*I,0.048587077336783566+0.03080109464012882*I,0.04450275535226559+0.02894476042040091*I,0.13758959706328214,-0.0136879716129178+0.04518661698501251*I,0.1791533951438781-0.04735217231430617*I,-0.013049220854704951-0.04471346178689319*I,-0.01368797161291781-0.04518661698501232*I,0.3935927616964379
0.3248674143543892,-0.000978104490546639-0.032617412867031896*I,0.05417045478750025-0.037089960257710046*I,0.06782957516878779+0.12039709569383518*I,-0.000978104490546675+0.03261741286703184*I,0.1354946409875106,0.08964982628855298-0.024607960762341227*I,-0.02498321913161974+0.042079558256651224*I,0.05417045478750015+0.03708996025770996*I,0.08964982628855268+0.02460796076234123*I,0.17513258564513753,0.0009781044904238524+0.032617412866047954*I,0.06782957516878775-0.12039709569383514*I,-0.024983219131619702-0.042079558256651356*I,0.0009781044904238327-0.03261741286604806*I,0.3645053590119981
0.3435944851986899,0.013488109023615033-0.024731321452719397*I,0.04388656109583735-0.013453127907540165*I,0.011652307856082195-0.023723057815004316*I,0.013488109023615061+0.02473132145271938*I,0.10656331633661038,0.06283537287537684-0.04260694897343414*I,-0.015674064665066323+0.008885455255678529*I,0.04388656109583735+0.013453127907540255*I,0.06283537287537702+0.04260694897343383*I,0.1564055148014578,-0.013488109023365589+0.024731321452069858*I,0.011652307856082645+0.02372305781500427*I,-0.01567406466506628-0.008885455255678496*I,-0.013488109023365634-0.024731321452069882*I,0.39343668366308887
0.34303940828059865,0.015457945400290263+0.008579719806561819*I,0.02832282477562145+0.011444607378104533*I,0.14501227184907933+0.07508416500514135*I,0.015457945400290317-0.008579719806561827*I,0.10960926806903735,0.051244624321962626-0.013649023053363556*I,-0.019559905159442573+0.003099217403075144*I,0.028322824775621622-0.011444607378104528*I,0.05124462432196275+0.013649023053363431*I,0.15696059171926427,-0.015457945400492019-0.008579719807433021*I,0.14501227184907883-0.07508416500514131*I,-0.019559905159442555-0.0030992174030751345*I,-0.01545794540049207+0.008579719807432957*I,0.39039073193050766
0.37653655126459484,0.011891560564839301-0.00559544746392778*I,0.04435807695389041+0.019666719737904986*I,0.05025581645423503-0.09115388305352705*I,0.011891560564839249+0.005595447463927873*I,0.12494070262716636,0.05366316928916282-0.033392434945919425*I,-0.034164215417837825-0.015654011302863695*I,0.04435807695389035-0.019666719737905063*I,0.05366316928916251+0.03339243494591952*I,0.12346344873553146,-0.011891560564748629+0.005595447463265461*I,0.05025581645423511+0.09115388305352697*I,-0.034164215417837804+0.015654011302863702*I,-0.011891560564748625-0.00559544746326544*I,0.3750592973725257
0.3766139826096484,0.011246943667742489+0.0005555924204157035*I,0.04004144151942484+0.01411082843883692*I,0.11541227280142334+0.06496800761265838*I,0.011246943667742492-0.0005555924204157076*I,0.1180352039659203,0.040823946023370666-0.03753514069719064*I,-0.02123907982245424-0.0029179771178746796*I,0.04004144151942466-0.014110828438836853*I,0.040823946023370264+0.03753514069719074*I,0.12338601738997507,-0.011246943668424969-0.0005555924205605192*I,0.11541227280142304-0.06496800761265821*I,-0.021239079822454217+0.002917977117874686*I,-0.01124694366842497+0.0005555924205605603*I,0.38196479603383604
0.36627828648789,0.015131764941502326-0.018126309248379564*I,0.03349043994213068+0.0056347038529319625*I,0.06121003090626896+0.13736129571494168*I,0.015131764941502302+0.01812630924837951*I,0.11475133028120868,0.06879150050406063+0.00041098505687676317*I,-0.03295770505182977+0.016790403231507666*I,0.03349043994213072-0.005634703852932002*I,0.0687915005040607-0.0004109850568767957*I,0.13372171351227596,-0.015131764940948492+0.01812630924769285*I,0.06121003090626881-0.13736129571494157*I,-0.03295770505182988-0.01679040323150766*I,-0.015131764940948525-0.018126309247692894*I,0.3852486697185474
0.37308598133053467,0.03714589567639633-0.0004055845349227819*I,0.017372758307966887+0.0011627452833883095*I,0.020540397235200646-0.042494849067948356*I,0.037145895676396486+0.00040558453492277574*I,0.12785717859733875,0.06055482197074857+0.004533631054011158*I,-0.026918960439779156+0.006203512458917737*I,0.017372758307966897-0.0011627452833882844*I,0.06055482197074888-0.0045336310540111495*I,0.1269140186690786,-0.03714589567666717+0.00040558453485882494*I,0.02054039723520048+0.042494849067948315*I,-0.02691896043977914-0.00620351245891775*I,-0.03714589567666719-0.0004055845348588419*I,0.3721428214021021
0.3340433903231902,-0.03258350938830467-0.013255082740883682*I,0.022667917647811484-0.013707857244812036*I,0.1485498783406813+0.0729233162723707*I,-0.03258350938830467+0.013255082740883694*I,0.09727151516156442,0.03418383172295415+0.0023777864453667793*I,-0.02680486818754355-0.014007679312634195*I,0.022667917647811366+0.013707857244812128*I,0.034183831722953986-0.0023777864453667637*I,0.16595660967610396,0.032583509388010023+0.013255082740286207*I,0.14854987834068087-0.07292331627237075*I,-0.026804868187543657+0.014007679312634188*I,0.03258350938801006-0.013255082740286224*I,0.40272848483780643
0.35431293604166525,-0.010879548036837711-0.0118765437611869*I,0.0376867325069211-0.012554432327732441*I,0.0022545130604764763+0.13694720962811605*I,-0.010879548036837555+0.011876543761186882*I,0.08672782874512128,0.028658440281493214+0.02192076091121013*I,-0.028027897507020803+0.006762242156078285*I,0.03768673250692104+0.012554432327732457*I,0.028658440281493062-0.02192076091121035*I,0.14568706395853082,0.010879548036609416+0.011876543761261375*I,0.002254513060476606-0.13694720962811666*I,-0.028027897507020855-0.0067622421560783*I,0.01087954803660949-0.011876543761261382*I,0.4132721712546721
0.35602782426635926,0.033062199040257687-0.006348209241798303*I,0.031458253700049774+0.0017645172867856865*I,0.05366342085255528+0.04997489558376018*I,0.03306219904025765+0.006348209241798298*I,0.14176547050369803,0.0537184631984463-0.02708683876047337*I,-0.026110413423243956+0.00809252415850955*I,0.03145825370004977-0.00176451728678572*I,0.05371846319844622+0.0270868387604733*I,0.1439721757332943,-0.033062199040564774+0.006348209241786143*I,0.05366342085255539-0.049974895583760164*I,-0.02611041342324392-0.008092524158509522*I,-0.033062199040564684-0.006348209241786146*I,0.35823452949597867
0.3453341911896332,0.03419868083927996-0.012604937488105938*I,0.044075280751845386-0.03844213165461567*I,0.11117600662234395+0.0736670474924328*I,0.03419868083928002+0.012604937488105941*I,0.13361772271319958,0.054236536832773595-0.025755996227409574*I,-0.01804177528003172+0.019381409531984237*I,0.04407528075184556+0.038442131654615644*I,0.054236536832773526+0.025755996227409508*I,0.1546658088098387,-0.034198680839301214+0.012604937487854236*I,0.11117600662234389-0.07366704749243268*I,-0.01804177528003175-0.019381409531984167*I,-0.034198680839301124-0.012604937487854177*I,0.36638227728654643
0.31151494304906413,0.007816590169349174-0.0021673816553089333*I,0.05416272137485224-0.0007012219456520333*I,0.10449556843317033+0.037670694054549946*I,0.007816590169349182+0.0021673816553089043*I,0.1349698709925319,0.043509528363036225-0.04383992877550824*I,-0.00989049757354983+0.008892492056748542*I,0.054162721374852243+0.0007012219456519742*I,0.04350952836303653+0.04383992877550826*I,0.18848505695140577,-0.007816590169653756+0.0021673816545434705*I,0.10449556843317005-0.037670694054550036*I,-0.009890497573549884-0.008892492056748517*I,-0.00781659016965376-0.002167381654543466*I,0.36503012900719567
0.3799069343014045,0.005970014272095489-0.022720661803816235*I,0.051552907927261214-0.006060666102065274*I,0.006422124031527768+0.1374639939955199*I,0.005970014272095513+0.022720661803816294*I,0.11802580644076224,0.03882011016274636+0.021632984863821474*I,-0.026684981391654445-0.007377388592827808*I,0.05155290792726133+0.006060666102065305*I,0.038820110162746495-0.021632984863821425*I,0.12009306569851003,-0.005970014272283227+0.022720661803036852*I,0.006422124031527841-0.13746399399551967*I,-0.02668498139165442+0.007377388592827814*I,-0.0059700142722832-0.022720661803036914*I,0.38197419355882
0.33366519749547924,0.0038457919902827892-0.006738407781115232*I,0.05607294473395739-0.0030214394301690092*I,-0.03429337300024275+0.0221264945578152*I,0.003845791990282803+0.006738407781115215*I,0.10432852182843014,0.028233308408476664-0.025919804284070164*I,-0.011372704145327704-0.007858581711534864*I,0.05607294473395737+0.0030214394301690123*I,0.02823330840847652+0.025919804284070296*I,0.16633480250441124,-0.0038457919906978713+0.006738407780850122*I,-0.03429337300024276-0.022126494557815186*I,-0.01137270414532772+0.00785858171153486*I,-0.0038457919906979684-0.006738407780850127*I,0.39567147817128234
